id,name,total,poverty,non_poverty
15000US370010201001,"Block Group 1, Census Tract 201, Alamance County, North Carolina",609,94,515
15000US370010201002,"Block Group 2, Census Tract 201, Alamance County, North Carolina",535,18,517
15000US370010201003,"Block Group 3, Census Tract 201, Alamance County, North Carolina",429,219,210
15000US370010201004,"Block Group 4, Census Tract 201, Alamance County, North Carolina",238,71,167
15000US370010202001,"Block Group 1, Census Tract 202, Alamance County, North Carolina",334,46,288
15000US370010202002,"Block Group 2, Census Tract 202, Alamance County, North Carolina",187,72,115
15000US370010202003,"Block Group 3, Census Tract 202, Alamance County, North Carolina",416,114,302
15000US370010202004,"Block Group 4, Census Tract 202, Alamance County, North Carolina",523,252,271
15000US370010203001,"Block Group 1, Census Tract 203, Alamance County, North Carolina",402,147,255
15000US370010203002,"Block Group 2, Census Tract 203, Alamance County, North Carolina",289,54,235
15000US370010203003,"Block Group 3, Census Tract 203, Alamance County, North Carolina",522,74,448
15000US370010203004,"Block Group 4, Census Tract 203, Alamance County, North Carolina",544,36,508
15000US370010203005,"Block Group 5, Census Tract 203, Alamance County, North Carolina",856,284,572
15000US370010204001,"Block Group 1, Census Tract 204, Alamance County, North Carolina",955,284,671
15000US370010204002,"Block Group 2, Census Tract 204, Alamance County, North Carolina",560,231,329
15000US370010204003,"Block Group 3, Census Tract 204, Alamance County, North Carolina",360,105,255
15000US370010204004,"Block Group 4, Census Tract 204, Alamance County, North Carolina",190,69,121
15000US370010204005,"Block Group 5, Census Tract 204, Alamance County, North Carolina",324,72,252
15000US370010205011,"Block Group 1, Census Tract 205.01, Alamance County, North Carolina",940,133,807
15000US370010205012,"Block Group 2, Census Tract 205.01, Alamance County, North Carolina",518,34,484
15000US370010205021,"Block Group 1, Census Tract 205.02, Alamance County, North Carolina",957,220,737
15000US370010205022,"Block Group 2, Census Tract 205.02, Alamance County, North Carolina",237,50,187
15000US370010205023,"Block Group 3, Census Tract 205.02, Alamance County, North Carolina",240,9,231
15000US370010206011,"Block Group 1, Census Tract 206.01, Alamance County, North Carolina",368,25,343
15000US370010206012,"Block Group 2, Census Tract 206.01, Alamance County, North Carolina",439,0,439
15000US370010206013,"Block Group 3, Census Tract 206.01, Alamance County, North Carolina",540,18,522
15000US370010206021,"Block Group 1, Census Tract 206.02, Alamance County, North Carolina",255,0,255
15000US370010206022,"Block Group 2, Census Tract 206.02, Alamance County, North Carolina",973,116,857
15000US370010207011,"Block Group 1, Census Tract 207.01, Alamance County, North Carolina",612,117,495
15000US370010207012,"Block Group 2, Census Tract 207.01, Alamance County, North Carolina",645,40,605
15000US370010207013,"Block Group 3, Census Tract 207.01, Alamance County, North Carolina",313,42,271
15000US370010207014,"Block Group 4, Census Tract 207.01, Alamance County, North Carolina",573,0,573
15000US370010207021,"Block Group 1, Census Tract 207.02, Alamance County, North Carolina",627,45,582
15000US370010207022,"Block Group 2, Census Tract 207.02, Alamance County, North Carolina",594,110,484
15000US370010207023,"Block Group 3, Census Tract 207.02, Alamance County, North Carolina",723,84,639
15000US370010207024,"Block Group 4, Census Tract 207.02, Alamance County, North Carolina",405,178,227
15000US370010208011,"Block Group 1, Census Tract 208.01, Alamance County, North Carolina",316,65,251
15000US370010208012,"Block Group 2, Census Tract 208.01, Alamance County, North Carolina",405,25,380
15000US370010208021,"Block Group 1, Census Tract 208.02, Alamance County, North Carolina",276,79,197
15000US370010208022,"Block Group 2, Census Tract 208.02, Alamance County, North Carolina",463,110,353
15000US370010208023,"Block Group 3, Census Tract 208.02, Alamance County, North Carolina",516,212,304
15000US370010208024,"Block Group 4, Census Tract 208.02, Alamance County, North Carolina",286,208,78
15000US370010208025,"Block Group 5, Census Tract 208.02, Alamance County, North Carolina",287,46,241
15000US370010208026,"Block Group 6, Census Tract 208.02, Alamance County, North Carolina",596,67,529
15000US370010209011,"Block Group 1, Census Tract 209.01, Alamance County, North Carolina",559,19,540
15000US370010209012,"Block Group 2, Census Tract 209.01, Alamance County, North Carolina",421,84,337
15000US370010209013,"Block Group 3, Census Tract 209.01, Alamance County, North Carolina",446,55,391
15000US370010209021,"Block Group 1, Census Tract 209.02, Alamance County, North Carolina",831,97,734
15000US370010209022,"Block Group 2, Census Tract 209.02, Alamance County, North Carolina",585,23,562
15000US370010210001,"Block Group 1, Census Tract 210, Alamance County, North Carolina",585,253,332
15000US370010210002,"Block Group 2, Census Tract 210, Alamance County, North Carolina",719,251,468
15000US370010210003,"Block Group 3, Census Tract 210, Alamance County, North Carolina",368,114,254
15000US370010211011,"Block Group 1, Census Tract 211.01, Alamance County, North Carolina",191,9,182
15000US370010211012,"Block Group 2, Census Tract 211.01, Alamance County, North Carolina",821,108,713
15000US370010211013,"Block Group 3, Census Tract 211.01, Alamance County, North Carolina",213,66,147
15000US370010211021,"Block Group 1, Census Tract 211.02, Alamance County, North Carolina",431,202,229
15000US370010211022,"Block Group 2, Census Tract 211.02, Alamance County, North Carolina",489,59,430
15000US370010211023,"Block Group 3, Census Tract 211.02, Alamance County, North Carolina",509,94,415
15000US370010212011,"Block Group 1, Census Tract 212.01, Alamance County, North Carolina",885,89,796
15000US370010212012,"Block Group 2, Census Tract 212.01, Alamance County, North Carolina",774,89,685
15000US370010212013,"Block Group 3, Census Tract 212.01, Alamance County, North Carolina",440,47,393
15000US370010212041,"Block Group 1, Census Tract 212.04, Alamance County, North Carolina",490,32,458
15000US370010212042,"Block Group 2, Census Tract 212.04, Alamance County, North Carolina",965,125,840
15000US370010212043,"Block Group 3, Census Tract 212.04, Alamance County, North Carolina",447,129,318
15000US370010212051,"Block Group 1, Census Tract 212.05, Alamance County, North Carolina",353,15,338
15000US370010212052,"Block Group 2, Census Tract 212.05, Alamance County, North Carolina",751,82,669
15000US370010212053,"Block Group 3, Census Tract 212.05, Alamance County, North Carolina",1708,229,1479
15000US370010212061,"Block Group 1, Census Tract 212.06, Alamance County, North Carolina",440,100,340
15000US370010212062,"Block Group 2, Census Tract 212.06, Alamance County, North Carolina",873,12,861
15000US370010212063,"Block Group 3, Census Tract 212.06, Alamance County, North Carolina",521,118,403
15000US370010212071,"Block Group 1, Census Tract 212.07, Alamance County, North Carolina",676,100,576
15000US370010212072,"Block Group 2, Census Tract 212.07, Alamance County, North Carolina",650,54,596
15000US370010213001,"Block Group 1, Census Tract 213, Alamance County, North Carolina",557,51,506
15000US370010213002,"Block Group 2, Census Tract 213, Alamance County, North Carolina",476,68,408
15000US370010213003,"Block Group 3, Census Tract 213, Alamance County, North Carolina",353,42,311
15000US370010213004,"Block Group 4, Census Tract 213, Alamance County, North Carolina",564,23,541
15000US370010213005,"Block Group 5, Census Tract 213, Alamance County, North Carolina",401,57,344
15000US370010214001,"Block Group 1, Census Tract 214, Alamance County, North Carolina",730,110,620
15000US370010214002,"Block Group 2, Census Tract 214, Alamance County, North Carolina",462,90,372
15000US370010215001,"Block Group 1, Census Tract 215, Alamance County, North Carolina",451,28,423
15000US370010215002,"Block Group 2, Census Tract 215, Alamance County, North Carolina",477,9,468
15000US370010215003,"Block Group 3, Census Tract 215, Alamance County, North Carolina",306,12,294
15000US370010215004,"Block Group 4, Census Tract 215, Alamance County, North Carolina",563,110,453
15000US370010216001,"Block Group 1, Census Tract 216, Alamance County, North Carolina",455,66,389
15000US370010216002,"Block Group 2, Census Tract 216, Alamance County, North Carolina",534,84,450
15000US370010216003,"Block Group 3, Census Tract 216, Alamance County, North Carolina",667,35,632
15000US370010216004,"Block Group 4, Census Tract 216, Alamance County, North Carolina",586,124,462
15000US370010217011,"Block Group 1, Census Tract 217.01, Alamance County, North Carolina",601,0,601
15000US370010217012,"Block Group 2, Census Tract 217.01, Alamance County, North Carolina",570,20,550
15000US370010217013,"Block Group 3, Census Tract 217.01, Alamance County, North Carolina",473,24,449
15000US370010217021,"Block Group 1, Census Tract 217.02, Alamance County, North Carolina",479,370,109
15000US370010217022,"Block Group 2, Census Tract 217.02, Alamance County, North Carolina",917,0,917
15000US370010217023,"Block Group 3, Census Tract 217.02, Alamance County, North Carolina",781,174,607
15000US370010217031,"Block Group 1, Census Tract 217.03, Alamance County, North Carolina",1490,95,1395
15000US370010217032,"Block Group 2, Census Tract 217.03, Alamance County, North Carolina",1331,31,1300
15000US370010218011,"Block Group 1, Census Tract 218.01, Alamance County, North Carolina",1061,42,1019
15000US370010218012,"Block Group 2, Census Tract 218.01, Alamance County, North Carolina",507,51,456
15000US370010218013,"Block Group 3, Census Tract 218.01, Alamance County, North Carolina",420,55,365
15000US370010218021,"Block Group 1, Census Tract 218.02, Alamance County, North Carolina",774,99,675
15000US370010218022,"Block Group 2, Census Tract 218.02, Alamance County, North Carolina",755,73,682
15000US370010218031,"Block Group 1, Census Tract 218.03, Alamance County, North Carolina",739,65,674
15000US370010218032,"Block Group 2, Census Tract 218.03, Alamance County, North Carolina",489,35,454
15000US370010219011,"Block Group 1, Census Tract 219.01, Alamance County, North Carolina",610,64,546
15000US370010219012,"Block Group 2, Census Tract 219.01, Alamance County, North Carolina",732,20,712
15000US370010219013,"Block Group 3, Census Tract 219.01, Alamance County, North Carolina",502,64,438
15000US370010219021,"Block Group 1, Census Tract 219.02, Alamance County, North Carolina",650,40,610
15000US370010219022,"Block Group 2, Census Tract 219.02, Alamance County, North Carolina",294,0,294
15000US370010219023,"Block Group 3, Census Tract 219.02, Alamance County, North Carolina",791,98,693
15000US370010220011,"Block Group 1, Census Tract 220.01, Alamance County, North Carolina",719,42,677
15000US370010220012,"Block Group 2, Census Tract 220.01, Alamance County, North Carolina",843,130,713
15000US370010220021,"Block Group 1, Census Tract 220.02, Alamance County, North Carolina",768,49,719
15000US370010220022,"Block Group 2, Census Tract 220.02, Alamance County, North Carolina",553,138,415
15000US370010220023,"Block Group 3, Census Tract 220.02, Alamance County, North Carolina",490,35,455
15000US370030401001,"Block Group 1, Census Tract 401, Alexander County, North Carolina",402,47,355
15000US370030401002,"Block Group 2, Census Tract 401, Alexander County, North Carolina",247,59,188
15000US370030401003,"Block Group 3, Census Tract 401, Alexander County, North Carolina",609,58,551
15000US370030402001,"Block Group 1, Census Tract 402, Alexander County, North Carolina",483,86,397
15000US370030402002,"Block Group 2, Census Tract 402, Alexander County, North Carolina",273,26,247
15000US370030402003,"Block Group 3, Census Tract 402, Alexander County, North Carolina",870,100,770
15000US370030403001,"Block Group 1, Census Tract 403, Alexander County, North Carolina",473,73,400
15000US370030403002,"Block Group 2, Census Tract 403, Alexander County, North Carolina",755,94,661
15000US370030404001,"Block Group 1, Census Tract 404, Alexander County, North Carolina",760,162,598
15000US370030404002,"Block Group 2, Census Tract 404, Alexander County, North Carolina",522,166,356
15000US370030404003,"Block Group 3, Census Tract 404, Alexander County, North Carolina",488,30,458
15000US370030404004,"Block Group 4, Census Tract 404, Alexander County, North Carolina",423,104,319
15000US370030404005,"Block Group 5, Census Tract 404, Alexander County, North Carolina",433,81,352
15000US370030405001,"Block Group 1, Census Tract 405, Alexander County, North Carolina",522,58,464
15000US370030405002,"Block Group 2, Census Tract 405, Alexander County, North Carolina",369,82,287
15000US370030405003,"Block Group 3, Census Tract 405, Alexander County, North Carolina",583,46,537
15000US370030405004,"Block Group 4, Census Tract 405, Alexander County, North Carolina",1065,130,935
15000US370030406001,"Block Group 1, Census Tract 406, Alexander County, North Carolina",868,121,747
15000US370030406002,"Block Group 2, Census Tract 406, Alexander County, North Carolina",602,56,546
15000US370030406003,"Block Group 3, Census Tract 406, Alexander County, North Carolina",588,31,557
15000US370030407001,"Block Group 1, Census Tract 407, Alexander County, North Carolina",470,14,456
15000US370030407002,"Block Group 2, Census Tract 407, Alexander County, North Carolina",638,57,581
15000US370030407003,"Block Group 3, Census Tract 407, Alexander County, North Carolina",833,80,753
15000US370030407004,"Block Group 4, Census Tract 407, Alexander County, North Carolina",893,123,770
15000US370059501001,"Block Group 1, Census Tract 9501, Alleghany County, North Carolina",448,92,356
15000US370059501002,"Block Group 2, Census Tract 9501, Alleghany County, North Carolina",502,80,422
15000US370059501003,"Block Group 3, Census Tract 9501, Alleghany County, North Carolina",458,176,282
15000US370059501004,"Block Group 4, Census Tract 9501, Alleghany County, North Carolina",450,29,421
15000US370059502001,"Block Group 1, Census Tract 9502, Alleghany County, North Carolina",418,88,330
15000US370059502002,"Block Group 2, Census Tract 9502, Alleghany County, North Carolina",390,99,291
15000US370059502003,"Block Group 3, Census Tract 9502, Alleghany County, North Carolina",462,135,327
15000US370059502004,"Block Group 4, Census Tract 9502, Alleghany County, North Carolina",311,48,263
15000US370059503001,"Block Group 1, Census Tract 9503, Alleghany County, North Carolina",545,160,385
15000US370059503002,"Block Group 2, Census Tract 9503, Alleghany County, North Carolina",526,41,485
15000US370059503003,"Block Group 3, Census Tract 9503, Alleghany County, North Carolina",410,59,351
15000US370079201001,"Block Group 1, Census Tract 9201, Anson County, North Carolina",271,128,143
15000US370079201002,"Block Group 2, Census Tract 9201, Anson County, North Carolina",472,71,401
15000US370079201003,"Block Group 3, Census Tract 9201, Anson County, North Carolina",569,63,506
15000US370079202001,"Block Group 1, Census Tract 9202, Anson County, North Carolina",705,137,568
15000US370079203001,"Block Group 1, Census Tract 9203, Anson County, North Carolina",476,11,465
15000US370079203002,"Block Group 2, Census Tract 9203, Anson County, North Carolina",936,191,745
15000US370079203003,"Block Group 3, Census Tract 9203, Anson County, North Carolina",764,106,658
15000US370079203004,"Block Group 4, Census Tract 9203, Anson County, North Carolina",275,0,275
15000US370079204001,"Block Group 1, Census Tract 9204, Anson County, North Carolina",309,138,171
15000US370079204002,"Block Group 2, Census Tract 9204, Anson County, North Carolina",378,70,308
15000US370079204003,"Block Group 3, Census Tract 9204, Anson County, North Carolina",502,165,337
15000US370079205001,"Block Group 1, Census Tract 9205, Anson County, North Carolina",463,144,319
15000US370079205002,"Block Group 2, Census Tract 9205, Anson County, North Carolina",197,50,147
15000US370079205003,"Block Group 3, Census Tract 9205, Anson County, North Carolina",385,54,331
15000US370079205004,"Block Group 4, Census Tract 9205, Anson County, North Carolina",508,92,416
15000US370079205005,"Block Group 5, Census Tract 9205, Anson County, North Carolina",682,164,518
15000US370079206001,"Block Group 1, Census Tract 9206, Anson County, North Carolina",532,63,469
15000US370079206002,"Block Group 2, Census Tract 9206, Anson County, North Carolina",474,72,402
15000US370079206003,"Block Group 3, Census Tract 9206, Anson County, North Carolina",623,96,527
15000US370099702001,"Block Group 1, Census Tract 9702, Ashe County, North Carolina",422,100,322
15000US370099702002,"Block Group 2, Census Tract 9702, Ashe County, North Carolina",328,57,271
15000US370099702003,"Block Group 3, Census Tract 9702, Ashe County, North Carolina",469,35,434
15000US370099703001,"Block Group 1, Census Tract 9703, Ashe County, North Carolina",715,234,481
15000US370099703002,"Block Group 2, Census Tract 9703, Ashe County, North Carolina",493,96,397
15000US370099704001,"Block Group 1, Census Tract 9704, Ashe County, North Carolina",467,86,381
15000US370099704002,"Block Group 2, Census Tract 9704, Ashe County, North Carolina",568,87,481
15000US370099704003,"Block Group 3, Census Tract 9704, Ashe County, North Carolina",477,133,344
15000US370099704004,"Block Group 4, Census Tract 9704, Ashe County, North Carolina",659,107,552
15000US370099705001,"Block Group 1, Census Tract 9705, Ashe County, North Carolina",436,84,352
15000US370099705002,"Block Group 2, Census Tract 9705, Ashe County, North Carolina",396,120,276
15000US370099705003,"Block Group 3, Census Tract 9705, Ashe County, North Carolina",360,61,299
15000US370099705004,"Block Group 4, Census Tract 9705, Ashe County, North Carolina",886,203,683
15000US370099705005,"Block Group 5, Census Tract 9705, Ashe County, North Carolina",538,101,437
15000US370099707001,"Block Group 1, Census Tract 9707, Ashe County, North Carolina",547,36,511
15000US370099707002,"Block Group 2, Census Tract 9707, Ashe County, North Carolina",881,57,824
15000US370099707003,"Block Group 3, Census Tract 9707, Ashe County, North Carolina",559,19,540
15000US370099707004,"Block Group 4, Census Tract 9707, Ashe County, North Carolina",141,14,127
15000US370099707005,"Block Group 5, Census Tract 9707, Ashe County, North Carolina",308,0,308
15000US370099708001,"Block Group 1, Census Tract 9708, Ashe County, North Carolina",583,67,516
15000US370099708002,"Block Group 2, Census Tract 9708, Ashe County, North Carolina",767,88,679
15000US370099708003,"Block Group 3, Census Tract 9708, Ashe County, North Carolina",938,236,702
15000US370119301001,"Block Group 1, Census Tract 9301, Avery County, North Carolina",659,117,542
15000US370119301002,"Block Group 2, Census Tract 9301, Avery County, North Carolina",298,5,293
15000US370119301003,"Block Group 3, Census Tract 9301, Avery County, North Carolina",320,140,180
15000US370119302001,"Block Group 1, Census Tract 9302, Avery County, North Carolina",353,29,324
15000US370119302002,"Block Group 2, Census Tract 9302, Avery County, North Carolina",231,73,158
15000US370119302003,"Block Group 3, Census Tract 9302, Avery County, North Carolina",475,18,457
15000US370119303011,"Block Group 1, Census Tract 9303.01, Avery County, North Carolina",449,89,360
15000US370119303012,"Block Group 2, Census Tract 9303.01, Avery County, North Carolina",430,98,332
15000US370119303013,"Block Group 3, Census Tract 9303.01, Avery County, North Carolina",383,62,321
15000US370119303014,"Block Group 4, Census Tract 9303.01, Avery County, North Carolina",402,64,338
15000US370119303021,"Block Group 1, Census Tract 9303.02, Avery County, North Carolina",256,54,202
15000US370119303022,"Block Group 2, Census Tract 9303.02, Avery County, North Carolina",488,107,381
15000US370119303023,"Block Group 3, Census Tract 9303.02, Avery County, North Carolina",422,110,312
15000US370119304001,"Block Group 1, Census Tract 9304, Avery County, North Carolina",513,60,453
15000US370119304002,"Block Group 2, Census Tract 9304, Avery County, North Carolina",413,0,413
15000US370119304003,"Block Group 3, Census Tract 9304, Avery County, North Carolina",459,60,399
15000US370139301001,"Block Group 1, Census Tract 9301, Beaufort County, North Carolina",459,81,378
15000US370139301002,"Block Group 2, Census Tract 9301, Beaufort County, North Carolina",195,12,183
15000US370139301003,"Block Group 3, Census Tract 9301, Beaufort County, North Carolina",348,72,276
15000US370139301004,"Block Group 4, Census Tract 9301, Beaufort County, North Carolina",599,75,524
15000US370139301005,"Block Group 5, Census Tract 9301, Beaufort County, North Carolina",267,33,234
15000US370139301006,"Block Group 6, Census Tract 9301, Beaufort County, North Carolina",325,107,218
15000US370139302001,"Block Group 1, Census Tract 9302, Beaufort County, North Carolina",851,97,754
15000US370139302002,"Block Group 2, Census Tract 9302, Beaufort County, North Carolina",792,249,543
15000US370139302003,"Block Group 3, Census Tract 9302, Beaufort County, North Carolina",826,0,826
15000US370139303001,"Block Group 1, Census Tract 9303, Beaufort County, North Carolina",781,279,502
15000US370139303002,"Block Group 2, Census Tract 9303, Beaufort County, North Carolina",381,50,331
15000US370139303003,"Block Group 3, Census Tract 9303, Beaufort County, North Carolina",495,121,374
15000US370139304001,"Block Group 1, Census Tract 9304, Beaufort County, North Carolina",409,155,254
15000US370139304002,"Block Group 2, Census Tract 9304, Beaufort County, North Carolina",809,64,745
15000US370139304003,"Block Group 3, Census Tract 9304, Beaufort County, North Carolina",451,160,291
15000US370139304004,"Block Group 4, Census Tract 9304, Beaufort County, North Carolina",368,195,173
15000US370139305011,"Block Group 1, Census Tract 9305.01, Beaufort County, North Carolina",728,81,647
15000US370139305012,"Block Group 2, Census Tract 9305.01, Beaufort County, North Carolina",776,305,471
15000US370139305013,"Block Group 3, Census Tract 9305.01, Beaufort County, North Carolina",566,14,552
15000US370139305021,"Block Group 1, Census Tract 9305.02, Beaufort County, North Carolina",1084,205,879
15000US370139305022,"Block Group 2, Census Tract 9305.02, Beaufort County, North Carolina",450,71,379
15000US370139306001,"Block Group 1, Census Tract 9306, Beaufort County, North Carolina",428,20,408
15000US370139306002,"Block Group 2, Census Tract 9306, Beaufort County, North Carolina",908,44,864
15000US370139307001,"Block Group 1, Census Tract 9307, Beaufort County, North Carolina",423,112,311
15000US370139307002,"Block Group 2, Census Tract 9307, Beaufort County, North Carolina",758,77,681
15000US370139308001,"Block Group 1, Census Tract 9308, Beaufort County, North Carolina",415,123,292
15000US370139308002,"Block Group 2, Census Tract 9308, Beaufort County, North Carolina",332,69,263
15000US370139308003,"Block Group 3, Census Tract 9308, Beaufort County, North Carolina",343,106,237
15000US370139309001,"Block Group 1, Census Tract 9309, Beaufort County, North Carolina",485,33,452
15000US370139309002,"Block Group 2, Census Tract 9309, Beaufort County, North Carolina",990,53,937
15000US370139309003,"Block Group 3, Census Tract 9309, Beaufort County, North Carolina",396,98,298
15000US370139310001,"Block Group 1, Census Tract 9310, Beaufort County, North Carolina",880,153,727
15000US370139310002,"Block Group 2, Census Tract 9310, Beaufort County, North Carolina",559,134,425
15000US370139310003,"Block Group 3, Census Tract 9310, Beaufort County, North Carolina",424,0,424
15000US370139310004,"Block Group 4, Census Tract 9310, Beaufort County, North Carolina",400,106,294
15000US370159601001,"Block Group 1, Census Tract 9601, Bertie County, North Carolina",290,80,210
15000US370159601002,"Block Group 2, Census Tract 9601, Bertie County, North Carolina",397,85,312
15000US370159601003,"Block Group 3, Census Tract 9601, Bertie County, North Carolina",410,115,295
15000US370159601004,"Block Group 4, Census Tract 9601, Bertie County, North Carolina",475,29,446
15000US370159601005,"Block Group 5, Census Tract 9601, Bertie County, North Carolina",442,16,426
15000US370159601006,"Block Group 6, Census Tract 9601, Bertie County, North Carolina",284,15,269
15000US370159602001,"Block Group 1, Census Tract 9602, Bertie County, North Carolina",322,107,215
15000US370159602002,"Block Group 2, Census Tract 9602, Bertie County, North Carolina",741,105,636
15000US370159602003,"Block Group 3, Census Tract 9602, Bertie County, North Carolina",624,260,364
15000US370159603001,"Block Group 1, Census Tract 9603, Bertie County, North Carolina",578,147,431
15000US370159603002,"Block Group 2, Census Tract 9603, Bertie County, North Carolina",240,66,174
15000US370159603003,"Block Group 3, Census Tract 9603, Bertie County, North Carolina",660,156,504
15000US370159604000,"Block Group 0, Census Tract 9604, Bertie County, North Carolina",0,0,0
15000US370159604001,"Block Group 1, Census Tract 9604, Bertie County, North Carolina",284,83,201
15000US370159604002,"Block Group 2, Census Tract 9604, Bertie County, North Carolina",467,150,317
15000US370159604003,"Block Group 3, Census Tract 9604, Bertie County, North Carolina",268,39,229
15000US370159604004,"Block Group 4, Census Tract 9604, Bertie County, North Carolina",359,56,303
15000US370159604005,"Block Group 5, Census Tract 9604, Bertie County, North Carolina",336,106,230
15000US370159604006,"Block Group 6, Census Tract 9604, Bertie County, North Carolina",411,146,265
15000US370159604007,"Block Group 7, Census Tract 9604, Bertie County, North Carolina",321,44,277
15000US370179501001,"Block Group 1, Census Tract 9501, Bladen County, North Carolina",374,163,211
15000US370179501002,"Block Group 2, Census Tract 9501, Bladen County, North Carolina",525,15,510
15000US370179501003,"Block Group 3, Census Tract 9501, Bladen County, North Carolina",583,84,499
15000US370179501004,"Block Group 4, Census Tract 9501, Bladen County, North Carolina",212,119,93
15000US370179501005,"Block Group 5, Census Tract 9501, Bladen County, North Carolina",408,83,325
15000US370179502001,"Block Group 1, Census Tract 9502, Bladen County, North Carolina",650,187,463
15000US370179502002,"Block Group 2, Census Tract 9502, Bladen County, North Carolina",673,158,515
15000US370179503001,"Block Group 1, Census Tract 9503, Bladen County, North Carolina",641,150,491
15000US370179503002,"Block Group 2, Census Tract 9503, Bladen County, North Carolina",492,41,451
15000US370179503003,"Block Group 3, Census Tract 9503, Bladen County, North Carolina",461,218,243
15000US370179503004,"Block Group 4, Census Tract 9503, Bladen County, North Carolina",374,119,255
15000US370179503005,"Block Group 5, Census Tract 9503, Bladen County, North Carolina",508,107,401
15000US370179504001,"Block Group 1, Census Tract 9504, Bladen County, North Carolina",190,53,137
15000US370179504002,"Block Group 2, Census Tract 9504, Bladen County, North Carolina",492,361,131
15000US370179504003,"Block Group 3, Census Tract 9504, Bladen County, North Carolina",433,258,175
15000US370179504004,"Block Group 4, Census Tract 9504, Bladen County, North Carolina",450,9,441
15000US370179504005,"Block Group 5, Census Tract 9504, Bladen County, North Carolina",703,133,570
15000US370179504006,"Block Group 6, Census Tract 9504, Bladen County, North Carolina",256,41,215
15000US370179505001,"Block Group 1, Census Tract 9505, Bladen County, North Carolina",730,47,683
15000US370179505002,"Block Group 2, Census Tract 9505, Bladen County, North Carolina",530,47,483
15000US370179505003,"Block Group 3, Census Tract 9505, Bladen County, North Carolina",651,145,506
15000US370179505004,"Block Group 4, Census Tract 9505, Bladen County, North Carolina",384,34,350
15000US370179505005,"Block Group 5, Census Tract 9505, Bladen County, North Carolina",237,0,237
15000US370179505006,"Block Group 6, Census Tract 9505, Bladen County, North Carolina",251,50,201
15000US370179506001,"Block Group 1, Census Tract 9506, Bladen County, North Carolina",493,97,396
15000US370179506002,"Block Group 2, Census Tract 9506, Bladen County, North Carolina",359,77,282
15000US370179506003,"Block Group 3, Census Tract 9506, Bladen County, North Carolina",222,13,209
15000US370179506004,"Block Group 4, Census Tract 9506, Bladen County, North Carolina",308,65,243
15000US370179506005,"Block Group 5, Census Tract 9506, Bladen County, North Carolina",380,98,282
15000US370179506006,"Block Group 6, Census Tract 9506, Bladen County, North Carolina",288,86,202
15000US370179506007,"Block Group 7, Census Tract 9506, Bladen County, North Carolina",378,45,333
15000US370190201011,"Block Group 1, Census Tract 201.01, Brunswick County, North Carolina",1105,229,876
15000US370190201021,"Block Group 1, Census Tract 201.02, Brunswick County, North Carolina",2149,329,1820
15000US370190201031,"Block Group 1, Census Tract 201.03, Brunswick County, North Carolina",1097,326,771
15000US370190201032,"Block Group 2, Census Tract 201.03, Brunswick County, North Carolina",1372,237,1135
15000US370190201033,"Block Group 3, Census Tract 201.03, Brunswick County, North Carolina",1305,14,1291
15000US370190201041,"Block Group 1, Census Tract 201.04, Brunswick County, North Carolina",523,146,377
15000US370190201042,"Block Group 2, Census Tract 201.04, Brunswick County, North Carolina",935,171,764
15000US370190201043,"Block Group 3, Census Tract 201.04, Brunswick County, North Carolina",820,161,659
15000US370190202011,"Block Group 1, Census Tract 202.01, Brunswick County, North Carolina",754,36,718
15000US370190202012,"Block Group 2, Census Tract 202.01, Brunswick County, North Carolina",1096,170,926
15000US370190202021,"Block Group 1, Census Tract 202.02, Brunswick County, North Carolina",2947,119,2828
15000US370190202022,"Block Group 2, Census Tract 202.02, Brunswick County, North Carolina",675,126,549
15000US370190202031,"Block Group 1, Census Tract 202.03, Brunswick County, North Carolina",750,101,649
15000US370190202032,"Block Group 2, Census Tract 202.03, Brunswick County, North Carolina",270,52,218
15000US370190202041,"Block Group 1, Census Tract 202.04, Brunswick County, North Carolina",257,2,255
15000US370190202042,"Block Group 2, Census Tract 202.04, Brunswick County, North Carolina",711,99,612
15000US370190202043,"Block Group 3, Census Tract 202.04, Brunswick County, North Carolina",1016,50,966
15000US370190202044,"Block Group 4, Census Tract 202.04, Brunswick County, North Carolina",626,36,590
15000US370190203031,"Block Group 1, Census Tract 203.03, Brunswick County, North Carolina",930,65,865
15000US370190203032,"Block Group 2, Census Tract 203.03, Brunswick County, North Carolina",822,169,653
15000US370190203041,"Block Group 1, Census Tract 203.04, Brunswick County, North Carolina",2558,56,2502
15000US370190203042,"Block Group 2, Census Tract 203.04, Brunswick County, North Carolina",1231,137,1094
15000US370190203051,"Block Group 1, Census Tract 203.05, Brunswick County, North Carolina",1101,91,1010
15000US370190203052,"Block Group 2, Census Tract 203.05, Brunswick County, North Carolina",226,33,193
15000US370190203061,"Block Group 1, Census Tract 203.06, Brunswick County, North Carolina",310,20,290
15000US370190203062,"Block Group 2, Census Tract 203.06, Brunswick County, North Carolina",316,25,291
15000US370190203063,"Block Group 3, Census Tract 203.06, Brunswick County, North Carolina",165,13,152
15000US370190203071,"Block Group 1, Census Tract 203.07, Brunswick County, North Carolina",143,3,140
15000US370190203081,"Block Group 1, Census Tract 203.08, Brunswick County, North Carolina",744,57,687
15000US370190203082,"Block Group 2, Census Tract 203.08, Brunswick County, North Carolina",155,16,139
15000US370190203091,"Block Group 1, Census Tract 203.09, Brunswick County, North Carolina",732,84,648
15000US370190203092,"Block Group 2, Census Tract 203.09, Brunswick County, North Carolina",180,0,180
15000US370190203093,"Block Group 3, Census Tract 203.09, Brunswick County, North Carolina",523,38,485
15000US370190203101,"Block Group 1, Census Tract 203.10, Brunswick County, North Carolina",204,7,197
15000US370190203102,"Block Group 2, Census Tract 203.10, Brunswick County, North Carolina",181,29,152
15000US370190203103,"Block Group 3, Census Tract 203.10, Brunswick County, North Carolina",222,25,197
15000US370190203104,"Block Group 4, Census Tract 203.10, Brunswick County, North Carolina",224,21,203
15000US370190203105,"Block Group 5, Census Tract 203.10, Brunswick County, North Carolina",346,27,319
15000US370190204021,"Block Group 1, Census Tract 204.02, Brunswick County, North Carolina",60,2,58
15000US370190204022,"Block Group 2, Census Tract 204.02, Brunswick County, North Carolina",214,14,200
15000US370190204023,"Block Group 3, Census Tract 204.02, Brunswick County, North Carolina",198,9,189
15000US370190204024,"Block Group 4, Census Tract 204.02, Brunswick County, North Carolina",257,8,249
15000US370190204025,"Block Group 5, Census Tract 204.02, Brunswick County, North Carolina",542,107,435
15000US370190204026,"Block Group 6, Census Tract 204.02, Brunswick County, North Carolina",200,42,158
15000US370190204031,"Block Group 1, Census Tract 204.03, Brunswick County, North Carolina",650,162,488
15000US370190204032,"Block Group 2, Census Tract 204.03, Brunswick County, North Carolina",391,92,299
15000US370190204033,"Block Group 3, Census Tract 204.03, Brunswick County, North Carolina",541,105,436
15000US370190204034,"Block Group 4, Census Tract 204.03, Brunswick County, North Carolina",524,128,396
15000US370190204035,"Block Group 5, Census Tract 204.03, Brunswick County, North Carolina",352,77,275
15000US370190204041,"Block Group 1, Census Tract 204.04, Brunswick County, North Carolina",601,66,535
15000US370190204042,"Block Group 2, Census Tract 204.04, Brunswick County, North Carolina",387,96,291
15000US370190204043,"Block Group 3, Census Tract 204.04, Brunswick County, North Carolina",239,11,228
15000US370190204051,"Block Group 1, Census Tract 204.05, Brunswick County, North Carolina",526,81,445
15000US370190204052,"Block Group 2, Census Tract 204.05, Brunswick County, North Carolina",763,96,667
15000US370190205041,"Block Group 1, Census Tract 205.04, Brunswick County, North Carolina",965,64,901
15000US370190205051,"Block Group 1, Census Tract 205.05, Brunswick County, North Carolina",537,154,383
15000US370190205052,"Block Group 2, Census Tract 205.05, Brunswick County, North Carolina",325,86,239
15000US370190205053,"Block Group 3, Census Tract 205.05, Brunswick County, North Carolina",847,137,710
15000US370190205061,"Block Group 1, Census Tract 205.06, Brunswick County, North Carolina",1035,203,832
15000US370190205062,"Block Group 2, Census Tract 205.06, Brunswick County, North Carolina",1018,103,915
15000US370190205071,"Block Group 1, Census Tract 205.07, Brunswick County, North Carolina",569,0,569
15000US370190205072,"Block Group 2, Census Tract 205.07, Brunswick County, North Carolina",772,14,758
15000US370190205073,"Block Group 3, Census Tract 205.07, Brunswick County, North Carolina",1211,56,1155
15000US370190205074,"Block Group 4, Census Tract 205.07, Brunswick County, North Carolina",643,47,596
15000US370190205075,"Block Group 5, Census Tract 205.07, Brunswick County, North Carolina",295,68,227
15000US370190205081,"Block Group 1, Census Tract 205.08, Brunswick County, North Carolina",758,98,660
15000US370190205082,"Block Group 2, Census Tract 205.08, Brunswick County, North Carolina",779,10,769
15000US370190205091,"Block Group 1, Census Tract 205.09, Brunswick County, North Carolina",481,61,420
15000US370190205092,"Block Group 2, Census Tract 205.09, Brunswick County, North Carolina",365,125,240
15000US370190205093,"Block Group 3, Census Tract 205.09, Brunswick County, North Carolina",553,50,503
15000US370190205094,"Block Group 4, Census Tract 205.09, Brunswick County, North Carolina",319,14,305
15000US370190205095,"Block Group 5, Census Tract 205.09, Brunswick County, North Carolina",16,0,16
15000US370190205096,"Block Group 6, Census Tract 205.09, Brunswick County, North Carolina",470,57,413
15000US370190205101,"Block Group 1, Census Tract 205.10, Brunswick County, North Carolina",381,84,297
15000US370190205102,"Block Group 2, Census Tract 205.10, Brunswick County, North Carolina",255,41,214
15000US370190205103,"Block Group 3, Census Tract 205.10, Brunswick County, North Carolina",325,63,262
15000US370190205111,"Block Group 1, Census Tract 205.11, Brunswick County, North Carolina",506,84,422
15000US370190205112,"Block Group 2, Census Tract 205.11, Brunswick County, North Carolina",685,70,615
15000US370190205121,"Block Group 1, Census Tract 205.12, Brunswick County, North Carolina",147,29,118
15000US370190205122,"Block Group 2, Census Tract 205.12, Brunswick County, North Carolina",97,23,74
15000US370190205123,"Block Group 3, Census Tract 205.12, Brunswick County, North Carolina",150,5,145
15000US370190205124,"Block Group 4, Census Tract 205.12, Brunswick County, North Carolina",99,0,99
15000US370190206011,"Block Group 1, Census Tract 206.01, Brunswick County, North Carolina",587,70,517
15000US370190206012,"Block Group 2, Census Tract 206.01, Brunswick County, North Carolina",1215,272,943
15000US370190206021,"Block Group 1, Census Tract 206.02, Brunswick County, North Carolina",489,93,396
15000US370190206022,"Block Group 2, Census Tract 206.02, Brunswick County, North Carolina",928,141,787
15000US370190206023,"Block Group 3, Census Tract 206.02, Brunswick County, North Carolina",264,0,264
15000US370190206024,"Block Group 4, Census Tract 206.02, Brunswick County, North Carolina",680,102,578
15000US370190206031,"Block Group 1, Census Tract 206.03, Brunswick County, North Carolina",1124,135,989
15000US370199901000,"Block Group 0, Census Tract 9901, Brunswick County, North Carolina",0,0,0
15000US370210001001,"Block Group 1, Census Tract 1, Buncombe County, North Carolina",758,263,495
15000US370210002001,"Block Group 1, Census Tract 2, Buncombe County, North Carolina",309,87,222
15000US370210002002,"Block Group 2, Census Tract 2, Buncombe County, North Carolina",340,37,303
15000US370210003001,"Block Group 1, Census Tract 3, Buncombe County, North Carolina",613,248,365
15000US370210003002,"Block Group 2, Census Tract 3, Buncombe County, North Carolina",365,23,342
15000US370210004001,"Block Group 1, Census Tract 4, Buncombe County, North Carolina",682,39,643
15000US370210004002,"Block Group 2, Census Tract 4, Buncombe County, North Carolina",315,116,199
15000US370210004003,"Block Group 3, Census Tract 4, Buncombe County, North Carolina",386,74,312
15000US370210005001,"Block Group 1, Census Tract 5, Buncombe County, North Carolina",537,29,508
15000US370210005002,"Block Group 2, Census Tract 5, Buncombe County, North Carolina",352,22,330
15000US370210005003,"Block Group 3, Census Tract 5, Buncombe County, North Carolina",758,63,695
15000US370210006001,"Block Group 1, Census Tract 6, Buncombe County, North Carolina",369,62,307
15000US370210006002,"Block Group 2, Census Tract 6, Buncombe County, North Carolina",615,45,570
15000US370210007001,"Block Group 1, Census Tract 7, Buncombe County, North Carolina",760,62,698
15000US370210008001,"Block Group 1, Census Tract 8, Buncombe County, North Carolina",392,72,320
15000US370210008002,"Block Group 2, Census Tract 8, Buncombe County, North Carolina",652,26,626
15000US370210008003,"Block Group 3, Census Tract 8, Buncombe County, North Carolina",525,10,515
15000US370210009001,"Block Group 1, Census Tract 9, Buncombe County, North Carolina",222,45,177
15000US370210009002,"Block Group 2, Census Tract 9, Buncombe County, North Carolina",439,269,170
15000US370210009003,"Block Group 3, Census Tract 9, Buncombe County, North Carolina",654,269,385
15000US370210010001,"Block Group 1, Census Tract 10, Buncombe County, North Carolina",778,130,648
15000US370210010002,"Block Group 2, Census Tract 10, Buncombe County, North Carolina",698,201,497
15000US370210010003,"Block Group 3, Census Tract 10, Buncombe County, North Carolina",367,67,300
15000US370210011001,"Block Group 1, Census Tract 11, Buncombe County, North Carolina",710,69,641
15000US370210011002,"Block Group 2, Census Tract 11, Buncombe County, North Carolina",841,65,776
15000US370210011003,"Block Group 3, Census Tract 11, Buncombe County, North Carolina",795,66,729
15000US370210012001,"Block Group 1, Census Tract 12, Buncombe County, North Carolina",442,30,412
15000US370210012002,"Block Group 2, Census Tract 12, Buncombe County, North Carolina",295,7,288
15000US370210012003,"Block Group 3, Census Tract 12, Buncombe County, North Carolina",285,0,285
15000US370210012004,"Block Group 4, Census Tract 12, Buncombe County, North Carolina",670,39,631
15000US370210012005,"Block Group 5, Census Tract 12, Buncombe County, North Carolina",371,27,344
15000US370210013001,"Block Group 1, Census Tract 13, Buncombe County, North Carolina",943,134,809
15000US370210013002,"Block Group 2, Census Tract 13, Buncombe County, North Carolina",979,285,694
15000US370210014001,"Block Group 1, Census Tract 14, Buncombe County, North Carolina",611,0,611
15000US370210014002,"Block Group 2, Census Tract 14, Buncombe County, North Carolina",537,31,506
15000US370210014003,"Block Group 3, Census Tract 14, Buncombe County, North Carolina",323,23,300
15000US370210014004,"Block Group 4, Census Tract 14, Buncombe County, North Carolina",590,106,484
15000US370210014005,"Block Group 5, Census Tract 14, Buncombe County, North Carolina",837,45,792
15000US370210015001,"Block Group 1, Census Tract 15, Buncombe County, North Carolina",1095,216,879
15000US370210016001,"Block Group 1, Census Tract 16, Buncombe County, North Carolina",585,20,565
15000US370210016002,"Block Group 2, Census Tract 16, Buncombe County, North Carolina",872,96,776
15000US370210016003,"Block Group 3, Census Tract 16, Buncombe County, North Carolina",741,86,655
15000US370210016004,"Block Group 4, Census Tract 16, Buncombe County, North Carolina",614,115,499
15000US370210017001,"Block Group 1, Census Tract 17, Buncombe County, North Carolina",515,64,451
15000US370210017002,"Block Group 2, Census Tract 17, Buncombe County, North Carolina",683,17,666
15000US370210018011,"Block Group 1, Census Tract 18.01, Buncombe County, North Carolina",1085,183,902
15000US370210018012,"Block Group 2, Census Tract 18.01, Buncombe County, North Carolina",943,66,877
15000US370210018021,"Block Group 1, Census Tract 18.02, Buncombe County, North Carolina",574,30,544
15000US370210018022,"Block Group 2, Census Tract 18.02, Buncombe County, North Carolina",440,50,390
15000US370210018023,"Block Group 3, Census Tract 18.02, Buncombe County, North Carolina",1230,36,1194
15000US370210019001,"Block Group 1, Census Tract 19, Buncombe County, North Carolina",1004,128,876
15000US370210019002,"Block Group 2, Census Tract 19, Buncombe County, North Carolina",957,115,842
15000US370210020001,"Block Group 1, Census Tract 20, Buncombe County, North Carolina",1301,304,997
15000US370210020002,"Block Group 2, Census Tract 20, Buncombe County, North Carolina",749,86,663
15000US370210020003,"Block Group 3, Census Tract 20, Buncombe County, North Carolina",150,28,122
15000US370210020004,"Block Group 4, Census Tract 20, Buncombe County, North Carolina",734,106,628
15000US370210021011,"Block Group 1, Census Tract 21.01, Buncombe County, North Carolina",605,22,583
15000US370210021021,"Block Group 1, Census Tract 21.02, Buncombe County, North Carolina",1051,127,924
15000US370210021022,"Block Group 2, Census Tract 21.02, Buncombe County, North Carolina",1156,254,902
15000US370210022031,"Block Group 1, Census Tract 22.03, Buncombe County, North Carolina",614,134,480
15000US370210022032,"Block Group 2, Census Tract 22.03, Buncombe County, North Carolina",873,82,791
15000US370210022033,"Block Group 3, Census Tract 22.03, Buncombe County, North Carolina",600,103,497
15000US370210022041,"Block Group 1, Census Tract 22.04, Buncombe County, North Carolina",1492,0,1492
15000US370210022042,"Block Group 2, Census Tract 22.04, Buncombe County, North Carolina",2321,61,2260
15000US370210022043,"Block Group 3, Census Tract 22.04, Buncombe County, North Carolina",323,29,294
15000US370210022044,"Block Group 4, Census Tract 22.04, Buncombe County, North Carolina",543,10,533
15000US370210022051,"Block Group 1, Census Tract 22.05, Buncombe County, North Carolina",1198,67,1131
15000US370210022052,"Block Group 2, Census Tract 22.05, Buncombe County, North Carolina",923,23,900
15000US370210022053,"Block Group 3, Census Tract 22.05, Buncombe County, North Carolina",407,0,407
15000US370210022061,"Block Group 1, Census Tract 22.06, Buncombe County, North Carolina",1343,0,1343
15000US370210022062,"Block Group 2, Census Tract 22.06, Buncombe County, North Carolina",957,117,840
15000US370210023011,"Block Group 1, Census Tract 23.01, Buncombe County, North Carolina",531,28,503
15000US370210023012,"Block Group 2, Census Tract 23.01, Buncombe County, North Carolina",1831,49,1782
15000US370210023013,"Block Group 3, Census Tract 23.01, Buncombe County, North Carolina",552,93,459
15000US370210023021,"Block Group 1, Census Tract 23.02, Buncombe County, North Carolina",1060,105,955
15000US370210023022,"Block Group 2, Census Tract 23.02, Buncombe County, North Carolina",750,18,732
15000US370210023023,"Block Group 3, Census Tract 23.02, Buncombe County, North Carolina",1366,87,1279
15000US370210023024,"Block Group 4, Census Tract 23.02, Buncombe County, North Carolina",672,104,568
15000US370210024011,"Block Group 1, Census Tract 24.01, Buncombe County, North Carolina",231,21,210
15000US370210024012,"Block Group 2, Census Tract 24.01, Buncombe County, North Carolina",564,122,442
15000US370210024013,"Block Group 3, Census Tract 24.01, Buncombe County, North Carolina",572,129,443
15000US370210024021,"Block Group 1, Census Tract 24.02, Buncombe County, North Carolina",781,144,637
15000US370210024022,"Block Group 2, Census Tract 24.02, Buncombe County, North Carolina",687,31,656
15000US370210024023,"Block Group 3, Census Tract 24.02, Buncombe County, North Carolina",437,78,359
15000US370210025031,"Block Group 1, Census Tract 25.03, Buncombe County, North Carolina",727,122,605
15000US370210025032,"Block Group 2, Census Tract 25.03, Buncombe County, North Carolina",887,151,736
15000US370210025041,"Block Group 1, Census Tract 25.04, Buncombe County, North Carolina",924,51,873
15000US370210025042,"Block Group 2, Census Tract 25.04, Buncombe County, North Carolina",723,196,527
15000US370210025043,"Block Group 3, Census Tract 25.04, Buncombe County, North Carolina",245,95,150
15000US370210025051,"Block Group 1, Census Tract 25.05, Buncombe County, North Carolina",993,106,887
15000US370210025052,"Block Group 2, Census Tract 25.05, Buncombe County, North Carolina",952,24,928
15000US370210025061,"Block Group 1, Census Tract 25.06, Buncombe County, North Carolina",551,109,442
15000US370210025062,"Block Group 2, Census Tract 25.06, Buncombe County, North Carolina",542,150,392
15000US370210025063,"Block Group 3, Census Tract 25.06, Buncombe County, North Carolina",333,87,246
15000US370210026031,"Block Group 1, Census Tract 26.03, Buncombe County, North Carolina",853,121,732
15000US370210026032,"Block Group 2, Census Tract 26.03, Buncombe County, North Carolina",611,139,472
15000US370210026041,"Block Group 1, Census Tract 26.04, Buncombe County, North Carolina",1361,195,1166
15000US370210026042,"Block Group 2, Census Tract 26.04, Buncombe County, North Carolina",580,0,580
15000US370210026043,"Block Group 3, Census Tract 26.04, Buncombe County, North Carolina",480,42,438
15000US370210026051,"Block Group 1, Census Tract 26.05, Buncombe County, North Carolina",482,34,448
15000US370210026052,"Block Group 2, Census Tract 26.05, Buncombe County, North Carolina",1711,121,1590
15000US370210026053,"Block Group 3, Census Tract 26.05, Buncombe County, North Carolina",388,94,294
15000US370210026061,"Block Group 1, Census Tract 26.06, Buncombe County, North Carolina",582,56,526
15000US370210026062,"Block Group 2, Census Tract 26.06, Buncombe County, North Carolina",313,64,249
15000US370210026063,"Block Group 3, Census Tract 26.06, Buncombe County, North Carolina",440,83,357
15000US370210026064,"Block Group 4, Census Tract 26.06, Buncombe County, North Carolina",334,84,250
15000US370210026071,"Block Group 1, Census Tract 26.07, Buncombe County, North Carolina",624,71,553
15000US370210026072,"Block Group 2, Census Tract 26.07, Buncombe County, North Carolina",611,118,493
15000US370210026073,"Block Group 3, Census Tract 26.07, Buncombe County, North Carolina",461,39,422
15000US370210027011,"Block Group 1, Census Tract 27.01, Buncombe County, North Carolina",600,51,549
15000US370210027012,"Block Group 2, Census Tract 27.01, Buncombe County, North Carolina",791,45,746
15000US370210027021,"Block Group 1, Census Tract 27.02, Buncombe County, North Carolina",1013,71,942
15000US370210027022,"Block Group 2, Census Tract 27.02, Buncombe County, North Carolina",946,41,905
15000US370210027031,"Block Group 1, Census Tract 27.03, Buncombe County, North Carolina",936,92,844
15000US370210027032,"Block Group 2, Census Tract 27.03, Buncombe County, North Carolina",566,14,552
15000US370210027033,"Block Group 3, Census Tract 27.03, Buncombe County, North Carolina",1089,66,1023
15000US370210028031,"Block Group 1, Census Tract 28.03, Buncombe County, North Carolina",1224,265,959
15000US370210028032,"Block Group 2, Census Tract 28.03, Buncombe County, North Carolina",393,24,369
15000US370210028041,"Block Group 1, Census Tract 28.04, Buncombe County, North Carolina",385,50,335
15000US370210028042,"Block Group 2, Census Tract 28.04, Buncombe County, North Carolina",689,13,676
15000US370210028043,"Block Group 3, Census Tract 28.04, Buncombe County, North Carolina",941,79,862
15000US370210029001,"Block Group 1, Census Tract 29, Buncombe County, North Carolina",723,87,636
15000US370210029002,"Block Group 2, Census Tract 29, Buncombe County, North Carolina",350,7,343
15000US370210029003,"Block Group 3, Census Tract 29, Buncombe County, North Carolina",367,35,332
15000US370210030011,"Block Group 1, Census Tract 30.01, Buncombe County, North Carolina",680,53,627
15000US370210030012,"Block Group 2, Census Tract 30.01, Buncombe County, North Carolina",1046,100,946
15000US370210030013,"Block Group 3, Census Tract 30.01, Buncombe County, North Carolina",1126,221,905
15000US370210030014,"Block Group 4, Census Tract 30.01, Buncombe County, North Carolina",771,126,645
15000US370210030021,"Block Group 1, Census Tract 30.02, Buncombe County, North Carolina",819,32,787
15000US370210030022,"Block Group 2, Census Tract 30.02, Buncombe County, North Carolina",382,84,298
15000US370210030023,"Block Group 3, Census Tract 30.02, Buncombe County, North Carolina",462,28,434
15000US370210030024,"Block Group 4, Census Tract 30.02, Buncombe County, North Carolina",397,82,315
15000US370210030025,"Block Group 5, Census Tract 30.02, Buncombe County, North Carolina",758,191,567
15000US370210031021,"Block Group 1, Census Tract 31.02, Buncombe County, North Carolina",635,0,635
15000US370210031022,"Block Group 2, Census Tract 31.02, Buncombe County, North Carolina",332,16,316
15000US370210031023,"Block Group 3, Census Tract 31.02, Buncombe County, North Carolina",602,65,537
15000US370210031024,"Block Group 4, Census Tract 31.02, Buncombe County, North Carolina",669,72,597
15000US370210031031,"Block Group 1, Census Tract 31.03, Buncombe County, North Carolina",852,84,768
15000US370210031041,"Block Group 1, Census Tract 31.04, Buncombe County, North Carolina",815,42,773
15000US370210031042,"Block Group 2, Census Tract 31.04, Buncombe County, North Carolina",736,81,655
15000US370210031043,"Block Group 3, Census Tract 31.04, Buncombe County, North Carolina",254,56,198
15000US370210031044,"Block Group 4, Census Tract 31.04, Buncombe County, North Carolina",339,0,339
15000US370210031045,"Block Group 5, Census Tract 31.04, Buncombe County, North Carolina",602,0,602
15000US370210032011,"Block Group 1, Census Tract 32.01, Buncombe County, North Carolina",764,28,736
15000US370210032021,"Block Group 1, Census Tract 32.02, Buncombe County, North Carolina",578,19,559
15000US370210032022,"Block Group 2, Census Tract 32.02, Buncombe County, North Carolina",219,36,183
15000US370210032023,"Block Group 3, Census Tract 32.02, Buncombe County, North Carolina",848,69,779
15000US370210032031,"Block Group 1, Census Tract 32.03, Buncombe County, North Carolina",990,98,892
15000US370210032032,"Block Group 2, Census Tract 32.03, Buncombe County, North Carolina",352,40,312
15000US370210032033,"Block Group 3, Census Tract 32.03, Buncombe County, North Carolina",1020,188,832
15000US370210032041,"Block Group 1, Census Tract 32.04, Buncombe County, North Carolina",812,68,744
15000US370210032042,"Block Group 2, Census Tract 32.04, Buncombe County, North Carolina",633,37,596
15000US370210032043,"Block Group 3, Census Tract 32.04, Buncombe County, North Carolina",857,157,700
15000US370210032051,"Block Group 1, Census Tract 32.05, Buncombe County, North Carolina",581,77,504
15000US370230201001,"Block Group 1, Census Tract 201, Burke County, North Carolina",371,41,330
15000US370230201002,"Block Group 2, Census Tract 201, Burke County, North Carolina",1006,343,663
15000US370230201003,"Block Group 3, Census Tract 201, Burke County, North Carolina",365,92,273
15000US370230202011,"Block Group 1, Census Tract 202.01, Burke County, North Carolina",498,60,438
15000US370230202012,"Block Group 2, Census Tract 202.01, Burke County, North Carolina",767,147,620
15000US370230202013,"Block Group 3, Census Tract 202.01, Burke County, North Carolina",836,81,755
15000US370230202014,"Block Group 4, Census Tract 202.01, Burke County, North Carolina",406,42,364
15000US370230202021,"Block Group 1, Census Tract 202.02, Burke County, North Carolina",632,59,573
15000US370230202022,"Block Group 2, Census Tract 202.02, Burke County, North Carolina",1056,72,984
15000US370230203011,"Block Group 1, Census Tract 203.01, Burke County, North Carolina",560,70,490
15000US370230203012,"Block Group 2, Census Tract 203.01, Burke County, North Carolina",476,67,409
15000US370230203013,"Block Group 3, Census Tract 203.01, Burke County, North Carolina",360,37,323
15000US370230203014,"Block Group 4, Census Tract 203.01, Burke County, North Carolina",664,82,582
15000US370230203021,"Block Group 1, Census Tract 203.02, Burke County, North Carolina",695,93,602
15000US370230203022,"Block Group 2, Census Tract 203.02, Burke County, North Carolina",1264,132,1132
15000US370230203023,"Block Group 3, Census Tract 203.02, Burke County, North Carolina",627,118,509
15000US370230203024,"Block Group 4, Census Tract 203.02, Burke County, North Carolina",401,57,344
15000US370230205001,"Block Group 1, Census Tract 205, Burke County, North Carolina",761,133,628
15000US370230205002,"Block Group 2, Census Tract 205, Burke County, North Carolina",339,13,326
15000US370230206001,"Block Group 1, Census Tract 206, Burke County, North Carolina",934,187,747
15000US370230206002,"Block Group 2, Census Tract 206, Burke County, North Carolina",587,187,400
15000US370230206003,"Block Group 3, Census Tract 206, Burke County, North Carolina",384,93,291
15000US370230206004,"Block Group 4, Census Tract 206, Burke County, North Carolina",260,0,260
15000US370230208011,"Block Group 1, Census Tract 208.01, Burke County, North Carolina",991,110,881
15000US370230208012,"Block Group 2, Census Tract 208.01, Burke County, North Carolina",299,32,267
15000US370230208013,"Block Group 3, Census Tract 208.01, Burke County, North Carolina",904,142,762
15000US370230208021,"Block Group 1, Census Tract 208.02, Burke County, North Carolina",715,113,602
15000US370230208022,"Block Group 2, Census Tract 208.02, Burke County, North Carolina",748,52,696
15000US370230209001,"Block Group 1, Census Tract 209, Burke County, North Carolina",776,124,652
15000US370230209002,"Block Group 2, Census Tract 209, Burke County, North Carolina",717,35,682
15000US370230209003,"Block Group 3, Census Tract 209, Burke County, North Carolina",385,82,303
15000US370230209004,"Block Group 4, Census Tract 209, Burke County, North Carolina",290,0,290
15000US370230209005,"Block Group 5, Census Tract 209, Burke County, North Carolina",474,63,411
15000US370230210001,"Block Group 1, Census Tract 210, Burke County, North Carolina",639,120,519
15000US370230210002,"Block Group 2, Census Tract 210, Burke County, North Carolina",361,67,294
15000US370230210003,"Block Group 3, Census Tract 210, Burke County, North Carolina",805,77,728
15000US370230210004,"Block Group 4, Census Tract 210, Burke County, North Carolina",221,34,187
15000US370230211001,"Block Group 1, Census Tract 211, Burke County, North Carolina",948,180,768
15000US370230211002,"Block Group 2, Census Tract 211, Burke County, North Carolina",939,168,771
15000US370230211003,"Block Group 3, Census Tract 211, Burke County, North Carolina",593,66,527
15000US370230212011,"Block Group 1, Census Tract 212.01, Burke County, North Carolina",436,149,287
15000US370230212012,"Block Group 2, Census Tract 212.01, Burke County, North Carolina",555,79,476
15000US370230212013,"Block Group 3, Census Tract 212.01, Burke County, North Carolina",623,165,458
15000US370230212021,"Block Group 1, Census Tract 212.02, Burke County, North Carolina",550,179,371
15000US370230212022,"Block Group 2, Census Tract 212.02, Burke County, North Carolina",678,128,550
15000US370230212023,"Block Group 3, Census Tract 212.02, Burke County, North Carolina",455,44,411
15000US370230212031,"Block Group 1, Census Tract 212.03, Burke County, North Carolina",984,253,731
15000US370230212032,"Block Group 2, Census Tract 212.03, Burke County, North Carolina",646,98,548
15000US370230213011,"Block Group 1, Census Tract 213.01, Burke County, North Carolina",532,71,461
15000US370230213012,"Block Group 2, Census Tract 213.01, Burke County, North Carolina",471,133,338
15000US370230213013,"Block Group 3, Census Tract 213.01, Burke County, North Carolina",874,179,695
15000US370230213021,"Block Group 1, Census Tract 213.02, Burke County, North Carolina",528,63,465
15000US370230213022,"Block Group 2, Census Tract 213.02, Burke County, North Carolina",422,106,316
15000US370230213023,"Block Group 3, Census Tract 213.02, Burke County, North Carolina",496,96,400
15000US370230214001,"Block Group 1, Census Tract 214, Burke County, North Carolina",288,58,230
15000US370230214002,"Block Group 2, Census Tract 214, Burke County, North Carolina",308,39,269
15000US370230214003,"Block Group 3, Census Tract 214, Burke County, North Carolina",1042,199,843
15000US370230214004,"Block Group 4, Census Tract 214, Burke County, North Carolina",214,36,178
15000US370250405001,"Block Group 1, Census Tract 405, Cabarrus County, North Carolina",1281,139,1142
15000US370250405002,"Block Group 2, Census Tract 405, Cabarrus County, North Carolina",835,139,696
15000US370250405003,"Block Group 3, Census Tract 405, Cabarrus County, North Carolina",518,64,454
15000US370250405004,"Block Group 4, Census Tract 405, Cabarrus County, North Carolina",2166,115,2051
15000US370250406001,"Block Group 1, Census Tract 406, Cabarrus County, North Carolina",1360,233,1127
15000US370250406002,"Block Group 2, Census Tract 406, Cabarrus County, North Carolina",655,21,634
15000US370250406003,"Block Group 3, Census Tract 406, Cabarrus County, North Carolina",460,0,460
15000US370250407011,"Block Group 1, Census Tract 407.01, Cabarrus County, North Carolina",379,86,293
15000US370250407012,"Block Group 2, Census Tract 407.01, Cabarrus County, North Carolina",273,54,219
15000US370250407021,"Block Group 1, Census Tract 407.02, Cabarrus County, North Carolina",855,215,640
15000US370250407022,"Block Group 2, Census Tract 407.02, Cabarrus County, North Carolina",814,82,732
15000US370250407023,"Block Group 3, Census Tract 407.02, Cabarrus County, North Carolina",843,108,735
15000US370250407031,"Block Group 1, Census Tract 407.03, Cabarrus County, North Carolina",118,0,118
15000US370250407032,"Block Group 2, Census Tract 407.03, Cabarrus County, North Carolina",820,216,604
15000US370250408001,"Block Group 1, Census Tract 408, Cabarrus County, North Carolina",393,47,346
15000US370250408002,"Block Group 2, Census Tract 408, Cabarrus County, North Carolina",410,39,371
15000US370250408003,"Block Group 3, Census Tract 408, Cabarrus County, North Carolina",643,80,563
15000US370250409001,"Block Group 1, Census Tract 409, Cabarrus County, North Carolina",801,76,725
15000US370250410001,"Block Group 1, Census Tract 410, Cabarrus County, North Carolina",730,164,566
15000US370250410002,"Block Group 2, Census Tract 410, Cabarrus County, North Carolina",398,105,293
15000US370250410003,"Block Group 3, Census Tract 410, Cabarrus County, North Carolina",570,41,529
15000US370250410004,"Block Group 4, Census Tract 410, Cabarrus County, North Carolina",437,30,407
15000US370250411001,"Block Group 1, Census Tract 411, Cabarrus County, North Carolina",389,13,376
15000US370250411002,"Block Group 2, Census Tract 411, Cabarrus County, North Carolina",480,115,365
15000US370250411003,"Block Group 3, Census Tract 411, Cabarrus County, North Carolina",820,79,741
15000US370250411004,"Block Group 4, Census Tract 411, Cabarrus County, North Carolina",590,54,536
15000US370250412001,"Block Group 1, Census Tract 412, Cabarrus County, North Carolina",539,84,455
15000US370250412002,"Block Group 2, Census Tract 412, Cabarrus County, North Carolina",1643,35,1608
15000US370250412003,"Block Group 3, Census Tract 412, Cabarrus County, North Carolina",866,32,834
15000US370250413011,"Block Group 1, Census Tract 413.01, Cabarrus County, North Carolina",2242,132,2110
15000US370250413021,"Block Group 1, Census Tract 413.02, Cabarrus County, North Carolina",2444,55,2389
15000US370250413022,"Block Group 2, Census Tract 413.02, Cabarrus County, North Carolina",738,0,738
15000US370250413023,"Block Group 3, Census Tract 413.02, Cabarrus County, North Carolina",293,13,280
15000US370250413031,"Block Group 1, Census Tract 413.03, Cabarrus County, North Carolina",2824,45,2779
15000US370250413032,"Block Group 2, Census Tract 413.03, Cabarrus County, North Carolina",643,42,601
15000US370250415011,"Block Group 1, Census Tract 415.01, Cabarrus County, North Carolina",1419,14,1405
15000US370250415012,"Block Group 2, Census Tract 415.01, Cabarrus County, North Carolina",2137,218,1919
15000US370250415021,"Block Group 1, Census Tract 415.02, Cabarrus County, North Carolina",1421,125,1296
15000US370250415022,"Block Group 2, Census Tract 415.02, Cabarrus County, North Carolina",610,0,610
15000US370250415023,"Block Group 3, Census Tract 415.02, Cabarrus County, North Carolina",607,0,607
15000US370250415031,"Block Group 1, Census Tract 415.03, Cabarrus County, North Carolina",1512,91,1421
15000US370250416011,"Block Group 1, Census Tract 416.01, Cabarrus County, North Carolina",624,43,581
15000US370250416012,"Block Group 2, Census Tract 416.01, Cabarrus County, North Carolina",477,113,364
15000US370250416013,"Block Group 3, Census Tract 416.01, Cabarrus County, North Carolina",821,101,720
15000US370250416014,"Block Group 4, Census Tract 416.01, Cabarrus County, North Carolina",995,41,954
15000US370250416021,"Block Group 1, Census Tract 416.02, Cabarrus County, North Carolina",1501,130,1371
15000US370250417011,"Block Group 1, Census Tract 417.01, Cabarrus County, North Carolina",427,23,404
15000US370250417012,"Block Group 2, Census Tract 417.01, Cabarrus County, North Carolina",393,67,326
15000US370250417013,"Block Group 3, Census Tract 417.01, Cabarrus County, North Carolina",677,96,581
15000US370250417021,"Block Group 1, Census Tract 417.02, Cabarrus County, North Carolina",439,55,384
15000US370250417022,"Block Group 2, Census Tract 417.02, Cabarrus County, North Carolina",800,26,774
15000US370250419011,"Block Group 1, Census Tract 419.01, Cabarrus County, North Carolina",231,79,152
15000US370250419012,"Block Group 2, Census Tract 419.01, Cabarrus County, North Carolina",357,91,266
15000US370250419021,"Block Group 1, Census Tract 419.02, Cabarrus County, North Carolina",646,206,440
15000US370250419022,"Block Group 2, Census Tract 419.02, Cabarrus County, North Carolina",506,122,384
15000US370250419023,"Block Group 3, Census Tract 419.02, Cabarrus County, North Carolina",291,13,278
15000US370250420001,"Block Group 1, Census Tract 420, Cabarrus County, North Carolina",559,79,480
15000US370250420002,"Block Group 2, Census Tract 420, Cabarrus County, North Carolina",476,23,453
15000US370250420003,"Block Group 3, Census Tract 420, Cabarrus County, North Carolina",684,109,575
15000US370250421011,"Block Group 1, Census Tract 421.01, Cabarrus County, North Carolina",397,91,306
15000US370250421012,"Block Group 2, Census Tract 421.01, Cabarrus County, North Carolina",321,91,230
15000US370250421013,"Block Group 3, Census Tract 421.01, Cabarrus County, North Carolina",288,18,270
15000US370250421014,"Block Group 4, Census Tract 421.01, Cabarrus County, North Carolina",207,117,90
15000US370250421021,"Block Group 1, Census Tract 421.02, Cabarrus County, North Carolina",475,60,415
15000US370250421022,"Block Group 2, Census Tract 421.02, Cabarrus County, North Carolina",841,150,691
15000US370250422001,"Block Group 1, Census Tract 422, Cabarrus County, North Carolina",787,118,669
15000US370250422002,"Block Group 2, Census Tract 422, Cabarrus County, North Carolina",504,0,504
15000US370250422003,"Block Group 3, Census Tract 422, Cabarrus County, North Carolina",325,6,319
15000US370250422004,"Block Group 4, Census Tract 422, Cabarrus County, North Carolina",445,0,445
15000US370250422005,"Block Group 5, Census Tract 422, Cabarrus County, North Carolina",370,14,356
15000US370250422006,"Block Group 6, Census Tract 422, Cabarrus County, North Carolina",298,69,229
15000US370250423001,"Block Group 1, Census Tract 423, Cabarrus County, North Carolina",431,33,398
15000US370250423002,"Block Group 2, Census Tract 423, Cabarrus County, North Carolina",680,115,565
15000US370250423003,"Block Group 3, Census Tract 423, Cabarrus County, North Carolina",375,78,297
15000US370250423004,"Block Group 4, Census Tract 423, Cabarrus County, North Carolina",328,73,255
15000US370250424011,"Block Group 1, Census Tract 424.01, Cabarrus County, North Carolina",526,70,456
15000US370250424012,"Block Group 2, Census Tract 424.01, Cabarrus County, North Carolina",758,77,681
15000US370250424021,"Block Group 1, Census Tract 424.02, Cabarrus County, North Carolina",685,34,651
15000US370250424022,"Block Group 2, Census Tract 424.02, Cabarrus County, North Carolina",409,27,382
15000US370250424023,"Block Group 3, Census Tract 424.02, Cabarrus County, North Carolina",1062,182,880
15000US370250425011,"Block Group 1, Census Tract 425.01, Cabarrus County, North Carolina",665,39,626
15000US370250425012,"Block Group 2, Census Tract 425.01, Cabarrus County, North Carolina",1080,94,986
15000US370250425021,"Block Group 1, Census Tract 425.02, Cabarrus County, North Carolina",1018,162,856
15000US370250425031,"Block Group 1, Census Tract 425.03, Cabarrus County, North Carolina",1522,138,1384
15000US370250425041,"Block Group 1, Census Tract 425.04, Cabarrus County, North Carolina",531,11,520
15000US370250426011,"Block Group 1, Census Tract 426.01, Cabarrus County, North Carolina",881,17,864
15000US370250426012,"Block Group 2, Census Tract 426.01, Cabarrus County, North Carolina",955,106,849
15000US370250426021,"Block Group 1, Census Tract 426.02, Cabarrus County, North Carolina",979,51,928
15000US370250426022,"Block Group 2, Census Tract 426.02, Cabarrus County, North Carolina",439,35,404
15000US370250426023,"Block Group 3, Census Tract 426.02, Cabarrus County, North Carolina",164,22,142
15000US370250426031,"Block Group 1, Census Tract 426.03, Cabarrus County, North Carolina",1554,88,1466
15000US370250426032,"Block Group 2, Census Tract 426.03, Cabarrus County, North Carolina",395,0,395
15000US370250426033,"Block Group 3, Census Tract 426.03, Cabarrus County, North Carolina",1029,32,997
15000US370250426041,"Block Group 1, Census Tract 426.04, Cabarrus County, North Carolina",1634,59,1575
15000US370270301001,"Block Group 1, Census Tract 301, Caldwell County, North Carolina",345,34,311
15000US370270301002,"Block Group 2, Census Tract 301, Caldwell County, North Carolina",433,138,295
15000US370270301003,"Block Group 3, Census Tract 301, Caldwell County, North Carolina",243,20,223
15000US370270301004,"Block Group 4, Census Tract 301, Caldwell County, North Carolina",402,69,333
15000US370270301005,"Block Group 5, Census Tract 301, Caldwell County, North Carolina",445,131,314
15000US370270301006,"Block Group 6, Census Tract 301, Caldwell County, North Carolina",459,120,339
15000US370270302001,"Block Group 1, Census Tract 302, Caldwell County, North Carolina",350,78,272
15000US370270302002,"Block Group 2, Census Tract 302, Caldwell County, North Carolina",445,214,231
15000US370270302003,"Block Group 3, Census Tract 302, Caldwell County, North Carolina",491,139,352
15000US370270302004,"Block Group 4, Census Tract 302, Caldwell County, North Carolina",585,99,486
15000US370270303001,"Block Group 1, Census Tract 303, Caldwell County, North Carolina",285,109,176
15000US370270303002,"Block Group 2, Census Tract 303, Caldwell County, North Carolina",367,47,320
15000US370270303003,"Block Group 3, Census Tract 303, Caldwell County, North Carolina",352,86,266
15000US370270303004,"Block Group 4, Census Tract 303, Caldwell County, North Carolina",525,87,438
15000US370270304001,"Block Group 1, Census Tract 304, Caldwell County, North Carolina",411,111,300
15000US370270304002,"Block Group 2, Census Tract 304, Caldwell County, North Carolina",226,23,203
15000US370270304003,"Block Group 3, Census Tract 304, Caldwell County, North Carolina",634,193,441
15000US370270304004,"Block Group 4, Census Tract 304, Caldwell County, North Carolina",529,116,413
15000US370270305001,"Block Group 1, Census Tract 305, Caldwell County, North Carolina",857,25,832
15000US370270305002,"Block Group 2, Census Tract 305, Caldwell County, North Carolina",541,99,442
15000US370270305003,"Block Group 3, Census Tract 305, Caldwell County, North Carolina",507,64,443
15000US370270306001,"Block Group 1, Census Tract 306, Caldwell County, North Carolina",565,184,381
15000US370270306002,"Block Group 2, Census Tract 306, Caldwell County, North Carolina",718,67,651
15000US370270306003,"Block Group 3, Census Tract 306, Caldwell County, North Carolina",624,38,586
15000US370270307001,"Block Group 1, Census Tract 307, Caldwell County, North Carolina",600,64,536
15000US370270307002,"Block Group 2, Census Tract 307, Caldwell County, North Carolina",580,121,459
15000US370270307003,"Block Group 3, Census Tract 307, Caldwell County, North Carolina",488,53,435
15000US370270307004,"Block Group 4, Census Tract 307, Caldwell County, North Carolina",730,87,643
15000US370270307005,"Block Group 5, Census Tract 307, Caldwell County, North Carolina",381,166,215
15000US370270308001,"Block Group 1, Census Tract 308, Caldwell County, North Carolina",442,63,379
15000US370270308002,"Block Group 2, Census Tract 308, Caldwell County, North Carolina",172,47,125
15000US370270308003,"Block Group 3, Census Tract 308, Caldwell County, North Carolina",642,15,627
15000US370270308004,"Block Group 4, Census Tract 308, Caldwell County, North Carolina",1076,109,967
15000US370270308005,"Block Group 5, Census Tract 308, Caldwell County, North Carolina",535,0,535
15000US370270309001,"Block Group 1, Census Tract 309, Caldwell County, North Carolina",552,94,458
15000US370270309002,"Block Group 2, Census Tract 309, Caldwell County, North Carolina",222,44,178
15000US370270309003,"Block Group 3, Census Tract 309, Caldwell County, North Carolina",546,113,433
15000US370270309004,"Block Group 4, Census Tract 309, Caldwell County, North Carolina",598,77,521
15000US370270310001,"Block Group 1, Census Tract 310, Caldwell County, North Carolina",532,75,457
15000US370270310002,"Block Group 2, Census Tract 310, Caldwell County, North Carolina",460,28,432
15000US370270310003,"Block Group 3, Census Tract 310, Caldwell County, North Carolina",299,28,271
15000US370270311001,"Block Group 1, Census Tract 311, Caldwell County, North Carolina",305,97,208
15000US370270311002,"Block Group 2, Census Tract 311, Caldwell County, North Carolina",502,27,475
15000US370270311003,"Block Group 3, Census Tract 311, Caldwell County, North Carolina",579,76,503
15000US370270311004,"Block Group 4, Census Tract 311, Caldwell County, North Carolina",343,17,326
15000US370270312011,"Block Group 1, Census Tract 312.01, Caldwell County, North Carolina",335,9,326
15000US370270312012,"Block Group 2, Census Tract 312.01, Caldwell County, North Carolina",432,19,413
15000US370270312013,"Block Group 3, Census Tract 312.01, Caldwell County, North Carolina",456,90,366
15000US370270312014,"Block Group 4, Census Tract 312.01, Caldwell County, North Carolina",683,80,603
15000US370270312021,"Block Group 1, Census Tract 312.02, Caldwell County, North Carolina",956,150,806
15000US370270312022,"Block Group 2, Census Tract 312.02, Caldwell County, North Carolina",844,187,657
15000US370270313001,"Block Group 1, Census Tract 313, Caldwell County, North Carolina",713,14,699
15000US370270313002,"Block Group 2, Census Tract 313, Caldwell County, North Carolina",1007,70,937
15000US370270313003,"Block Group 3, Census Tract 313, Caldwell County, North Carolina",373,98,275
15000US370270313004,"Block Group 4, Census Tract 313, Caldwell County, North Carolina",1416,143,1273
15000US370270314011,"Block Group 1, Census Tract 314.01, Caldwell County, North Carolina",1014,95,919
15000US370270314012,"Block Group 2, Census Tract 314.01, Caldwell County, North Carolina",342,17,325
15000US370270314021,"Block Group 1, Census Tract 314.02, Caldwell County, North Carolina",639,138,501
15000US370270314022,"Block Group 2, Census Tract 314.02, Caldwell County, North Carolina",476,44,432
15000US370270314023,"Block Group 3, Census Tract 314.02, Caldwell County, North Carolina",302,40,262
15000US370270314031,"Block Group 1, Census Tract 314.03, Caldwell County, North Carolina",569,121,448
15000US370270314032,"Block Group 2, Census Tract 314.03, Caldwell County, North Carolina",384,90,294
15000US370299501011,"Block Group 1, Census Tract 9501.01, Camden County, North Carolina",1267,78,1189
15000US370299501012,"Block Group 2, Census Tract 9501.01, Camden County, North Carolina",888,82,806
15000US370299501020,"Block Group 0, Census Tract 9501.02, Camden County, North Carolina",0,0,0
15000US370299501021,"Block Group 1, Census Tract 9501.02, Camden County, North Carolina",795,101,694
15000US370299501022,"Block Group 2, Census Tract 9501.02, Camden County, North Carolina",661,45,616
15000US370299501023,"Block Group 3, Census Tract 9501.02, Camden County, North Carolina",322,14,308
15000US370319701011,"Block Group 1, Census Tract 9701.01, Carteret County, North Carolina",395,42,353
15000US370319701021,"Block Group 1, Census Tract 9701.02, Carteret County, North Carolina",919,29,890
15000US370319701022,"Block Group 2, Census Tract 9701.02, Carteret County, North Carolina",188,8,180
15000US370319701031,"Block Group 1, Census Tract 9701.03, Carteret County, North Carolina",282,17,265
15000US370319701032,"Block Group 2, Census Tract 9701.03, Carteret County, North Carolina",389,85,304
15000US370319701033,"Block Group 3, Census Tract 9701.03, Carteret County, North Carolina",450,88,362
15000US370319702001,"Block Group 1, Census Tract 9702, Carteret County, North Carolina",367,45,322
15000US370319702002,"Block Group 2, Census Tract 9702, Carteret County, North Carolina",183,8,175
15000US370319703011,"Block Group 1, Census Tract 9703.01, Carteret County, North Carolina",228,19,209
15000US370319703012,"Block Group 2, Census Tract 9703.01, Carteret County, North Carolina",460,74,386
15000US370319703013,"Block Group 3, Census Tract 9703.01, Carteret County, North Carolina",1295,179,1116
15000US370319703021,"Block Group 1, Census Tract 9703.02, Carteret County, North Carolina",299,51,248
15000US370319703022,"Block Group 2, Census Tract 9703.02, Carteret County, North Carolina",230,30,200
15000US370319703031,"Block Group 1, Census Tract 9703.03, Carteret County, North Carolina",404,72,332
15000US370319703041,"Block Group 1, Census Tract 9703.04, Carteret County, North Carolina",275,45,230
15000US370319703042,"Block Group 2, Census Tract 9703.04, Carteret County, North Carolina",433,120,313
15000US370319703043,"Block Group 3, Census Tract 9703.04, Carteret County, North Carolina",395,91,304
15000US370319704011,"Block Group 1, Census Tract 9704.01, Carteret County, North Carolina",877,176,701
15000US370319704021,"Block Group 1, Census Tract 9704.02, Carteret County, North Carolina",287,86,201
15000US370319704022,"Block Group 2, Census Tract 9704.02, Carteret County, North Carolina",360,43,317
15000US370319704031,"Block Group 1, Census Tract 9704.03, Carteret County, North Carolina",208,35,173
15000US370319704032,"Block Group 2, Census Tract 9704.03, Carteret County, North Carolina",281,8,273
15000US370319704033,"Block Group 3, Census Tract 9704.03, Carteret County, North Carolina",101,6,95
15000US370319705011,"Block Group 1, Census Tract 9705.01, Carteret County, North Carolina",955,247,708
15000US370319705012,"Block Group 2, Census Tract 9705.01, Carteret County, North Carolina",451,34,417
15000US370319705021,"Block Group 1, Census Tract 9705.02, Carteret County, North Carolina",593,37,556
15000US370319705022,"Block Group 2, Census Tract 9705.02, Carteret County, North Carolina",376,0,376
15000US370319705031,"Block Group 1, Census Tract 9705.03, Carteret County, North Carolina",329,0,329
15000US370319705032,"Block Group 2, Census Tract 9705.03, Carteret County, North Carolina",398,36,362
15000US370319705033,"Block Group 3, Census Tract 9705.03, Carteret County, North Carolina",352,95,257
15000US370319705041,"Block Group 1, Census Tract 9705.04, Carteret County, North Carolina",437,15,422
15000US370319705042,"Block Group 2, Census Tract 9705.04, Carteret County, North Carolina",262,42,220
15000US370319706011,"Block Group 1, Census Tract 9706.01, Carteret County, North Carolina",630,79,551
15000US370319706021,"Block Group 1, Census Tract 9706.02, Carteret County, North Carolina",473,22,451
15000US370319706031,"Block Group 1, Census Tract 9706.03, Carteret County, North Carolina",576,118,458
15000US370319706041,"Block Group 1, Census Tract 9706.04, Carteret County, North Carolina",598,13,585
15000US370319706042,"Block Group 2, Census Tract 9706.04, Carteret County, North Carolina",351,10,341
15000US370319706051,"Block Group 1, Census Tract 9706.05, Carteret County, North Carolina",645,58,587
15000US370319707011,"Block Group 1, Census Tract 9707.01, Carteret County, North Carolina",425,89,336
15000US370319707021,"Block Group 1, Census Tract 9707.02, Carteret County, North Carolina",829,50,779
15000US370319707022,"Block Group 2, Census Tract 9707.02, Carteret County, North Carolina",306,51,255
15000US370319707031,"Block Group 1, Census Tract 9707.03, Carteret County, North Carolina",875,80,795
15000US370319707032,"Block Group 2, Census Tract 9707.03, Carteret County, North Carolina",666,13,653
15000US370319707033,"Block Group 3, Census Tract 9707.03, Carteret County, North Carolina",345,63,282
15000US370319707034,"Block Group 4, Census Tract 9707.03, Carteret County, North Carolina",143,0,143
15000US370319707041,"Block Group 1, Census Tract 9707.04, Carteret County, North Carolina",911,94,817
15000US370319708011,"Block Group 1, Census Tract 9708.01, Carteret County, North Carolina",393,14,379
15000US370319708012,"Block Group 2, Census Tract 9708.01, Carteret County, North Carolina",734,83,651
15000US370319708021,"Block Group 1, Census Tract 9708.02, Carteret County, North Carolina",479,34,445
15000US370319708022,"Block Group 2, Census Tract 9708.02, Carteret County, North Carolina",424,43,381
15000US370319708031,"Block Group 1, Census Tract 9708.03, Carteret County, North Carolina",278,5,273
15000US370319708032,"Block Group 2, Census Tract 9708.03, Carteret County, North Carolina",401,42,359
15000US370319708041,"Block Group 1, Census Tract 9708.04, Carteret County, North Carolina",589,45,544
15000US370319708042,"Block Group 2, Census Tract 9708.04, Carteret County, North Carolina",425,41,384
15000US370319708043,"Block Group 3, Census Tract 9708.04, Carteret County, North Carolina",429,20,409
15000US370319708051,"Block Group 1, Census Tract 9708.05, Carteret County, North Carolina",766,143,623
15000US370319709011,"Block Group 1, Census Tract 9709.01, Carteret County, North Carolina",261,5,256
15000US370319709012,"Block Group 2, Census Tract 9709.01, Carteret County, North Carolina",280,0,280
15000US370319709021,"Block Group 1, Census Tract 9709.02, Carteret County, North Carolina",547,17,530
15000US370319709022,"Block Group 2, Census Tract 9709.02, Carteret County, North Carolina",153,0,153
15000US370319709031,"Block Group 1, Census Tract 9709.03, Carteret County, North Carolina",528,36,492
15000US370319710011,"Block Group 1, Census Tract 9710.01, Carteret County, North Carolina",239,7,232
15000US370319710021,"Block Group 1, Census Tract 9710.02, Carteret County, North Carolina",149,4,145
15000US370319710022,"Block Group 2, Census Tract 9710.02, Carteret County, North Carolina",514,24,490
15000US370319711011,"Block Group 1, Census Tract 9711.01, Carteret County, North Carolina",93,0,93
15000US370319711012,"Block Group 2, Census Tract 9711.01, Carteret County, North Carolina",287,5,282
15000US370319711013,"Block Group 3, Census Tract 9711.01, Carteret County, North Carolina",247,15,232
15000US370319711021,"Block Group 1, Census Tract 9711.02, Carteret County, North Carolina",84,12,72
15000US370319711022,"Block Group 2, Census Tract 9711.02, Carteret County, North Carolina",223,16,207
15000US370319801001,"Block Group 1, Census Tract 9801, Carteret County, North Carolina",0,0,0
15000US370319901000,"Block Group 0, Census Tract 9901, Carteret County, North Carolina",0,0,0
15000US370319902000,"Block Group 0, Census Tract 9902, Carteret County, North Carolina",0,0,0
15000US370339301001,"Block Group 1, Census Tract 9301, Caswell County, North Carolina",588,74,514
15000US370339301002,"Block Group 2, Census Tract 9301, Caswell County, North Carolina",383,54,329
15000US370339302001,"Block Group 1, Census Tract 9302, Caswell County, North Carolina",197,5,192
15000US370339302002,"Block Group 2, Census Tract 9302, Caswell County, North Carolina",673,150,523
15000US370339302003,"Block Group 3, Census Tract 9302, Caswell County, North Carolina",413,96,317
15000US370339302004,"Block Group 4, Census Tract 9302, Caswell County, North Carolina",788,345,443
15000US370339303001,"Block Group 1, Census Tract 9303, Caswell County, North Carolina",320,119,201
15000US370339303002,"Block Group 2, Census Tract 9303, Caswell County, North Carolina",592,103,489
15000US370339303003,"Block Group 3, Census Tract 9303, Caswell County, North Carolina",354,57,297
15000US370339303004,"Block Group 4, Census Tract 9303, Caswell County, North Carolina",417,42,375
15000US370339304001,"Block Group 1, Census Tract 9304, Caswell County, North Carolina",655,107,548
15000US370339304002,"Block Group 2, Census Tract 9304, Caswell County, North Carolina",418,29,389
15000US370339305001,"Block Group 1, Census Tract 9305, Caswell County, North Carolina",536,39,497
15000US370339305002,"Block Group 2, Census Tract 9305, Caswell County, North Carolina",262,7,255
15000US370339305003,"Block Group 3, Census Tract 9305, Caswell County, North Carolina",668,136,532
15000US370339306001,"Block Group 1, Census Tract 9306, Caswell County, North Carolina",963,124,839
15000US370339306002,"Block Group 2, Census Tract 9306, Caswell County, North Carolina",506,116,390
15000US370339306003,"Block Group 3, Census Tract 9306, Caswell County, North Carolina",412,54,358
15000US370350101011,"Block Group 1, Census Tract 101.01, Catawba County, North Carolina",569,61,508
15000US370350101012,"Block Group 2, Census Tract 101.01, Catawba County, North Carolina",667,17,650
15000US370350101013,"Block Group 3, Census Tract 101.01, Catawba County, North Carolina",605,64,541
15000US370350101014,"Block Group 4, Census Tract 101.01, Catawba County, North Carolina",538,46,492
15000US370350101021,"Block Group 1, Census Tract 101.02, Catawba County, North Carolina",354,26,328
15000US370350101022,"Block Group 2, Census Tract 101.02, Catawba County, North Carolina",771,54,717
15000US370350101023,"Block Group 3, Census Tract 101.02, Catawba County, North Carolina",550,75,475
15000US370350102011,"Block Group 1, Census Tract 102.01, Catawba County, North Carolina",919,92,827
15000US370350102012,"Block Group 2, Census Tract 102.01, Catawba County, North Carolina",546,65,481
15000US370350102013,"Block Group 3, Census Tract 102.01, Catawba County, North Carolina",384,32,352
15000US370350102021,"Block Group 1, Census Tract 102.02, Catawba County, North Carolina",1158,140,1018
15000US370350102022,"Block Group 2, Census Tract 102.02, Catawba County, North Carolina",1062,135,927
15000US370350102023,"Block Group 3, Census Tract 102.02, Catawba County, North Carolina",560,90,470
15000US370350102024,"Block Group 4, Census Tract 102.02, Catawba County, North Carolina",422,55,367
15000US370350103011,"Block Group 1, Census Tract 103.01, Catawba County, North Carolina",395,30,365
15000US370350103012,"Block Group 2, Census Tract 103.01, Catawba County, North Carolina",612,55,557
15000US370350103013,"Block Group 3, Census Tract 103.01, Catawba County, North Carolina",800,119,681
15000US370350103021,"Block Group 1, Census Tract 103.02, Catawba County, North Carolina",865,79,786
15000US370350103022,"Block Group 2, Census Tract 103.02, Catawba County, North Carolina",1351,221,1130
15000US370350103023,"Block Group 3, Census Tract 103.02, Catawba County, North Carolina",255,12,243
15000US370350103031,"Block Group 1, Census Tract 103.03, Catawba County, North Carolina",653,127,526
15000US370350103032,"Block Group 2, Census Tract 103.03, Catawba County, North Carolina",1057,142,915
15000US370350103041,"Block Group 1, Census Tract 103.04, Catawba County, North Carolina",380,43,337
15000US370350103042,"Block Group 2, Census Tract 103.04, Catawba County, North Carolina",388,98,290
15000US370350103043,"Block Group 3, Census Tract 103.04, Catawba County, North Carolina",862,165,697
15000US370350104011,"Block Group 1, Census Tract 104.01, Catawba County, North Carolina",1032,90,942
15000US370350104012,"Block Group 2, Census Tract 104.01, Catawba County, North Carolina",1139,93,1046
15000US370350104013,"Block Group 3, Census Tract 104.01, Catawba County, North Carolina",1032,345,687
15000US370350104021,"Block Group 1, Census Tract 104.02, Catawba County, North Carolina",936,182,754
15000US370350104022,"Block Group 2, Census Tract 104.02, Catawba County, North Carolina",1010,287,723
15000US370350105011,"Block Group 1, Census Tract 105.01, Catawba County, North Carolina",110,12,98
15000US370350105012,"Block Group 2, Census Tract 105.01, Catawba County, North Carolina",902,41,861
15000US370350105013,"Block Group 3, Census Tract 105.01, Catawba County, North Carolina",560,0,560
15000US370350105021,"Block Group 1, Census Tract 105.02, Catawba County, North Carolina",790,17,773
15000US370350105022,"Block Group 2, Census Tract 105.02, Catawba County, North Carolina",560,145,415
15000US370350106001,"Block Group 1, Census Tract 106, Catawba County, North Carolina",855,53,802
15000US370350106002,"Block Group 2, Census Tract 106, Catawba County, North Carolina",305,14,291
15000US370350106003,"Block Group 3, Census Tract 106, Catawba County, North Carolina",612,91,521
15000US370350106004,"Block Group 4, Census Tract 106, Catawba County, North Carolina",937,344,593
15000US370350107001,"Block Group 1, Census Tract 107, Catawba County, North Carolina",315,22,293
15000US370350107002,"Block Group 2, Census Tract 107, Catawba County, North Carolina",358,111,247
15000US370350107003,"Block Group 3, Census Tract 107, Catawba County, North Carolina",454,103,351
15000US370350109001,"Block Group 1, Census Tract 109, Catawba County, North Carolina",873,312,561
15000US370350109002,"Block Group 2, Census Tract 109, Catawba County, North Carolina",575,211,364
15000US370350110001,"Block Group 1, Census Tract 110, Catawba County, North Carolina",485,123,362
15000US370350110002,"Block Group 2, Census Tract 110, Catawba County, North Carolina",350,112,238
15000US370350111011,"Block Group 1, Census Tract 111.01, Catawba County, North Carolina",762,118,644
15000US370350111012,"Block Group 2, Census Tract 111.01, Catawba County, North Carolina",765,56,709
15000US370350111021,"Block Group 1, Census Tract 111.02, Catawba County, North Carolina",439,135,304
15000US370350111022,"Block Group 2, Census Tract 111.02, Catawba County, North Carolina",503,101,402
15000US370350111023,"Block Group 3, Census Tract 111.02, Catawba County, North Carolina",952,89,863
15000US370350111024,"Block Group 4, Census Tract 111.02, Catawba County, North Carolina",1052,60,992
15000US370350112001,"Block Group 1, Census Tract 112, Catawba County, North Carolina",1131,100,1031
15000US370350112002,"Block Group 2, Census Tract 112, Catawba County, North Carolina",427,35,392
15000US370350112003,"Block Group 3, Census Tract 112, Catawba County, North Carolina",372,17,355
15000US370350112004,"Block Group 4, Census Tract 112, Catawba County, North Carolina",495,0,495
15000US370350113001,"Block Group 1, Census Tract 113, Catawba County, North Carolina",1022,117,905
15000US370350113002,"Block Group 2, Census Tract 113, Catawba County, North Carolina",698,17,681
15000US370350113003,"Block Group 3, Census Tract 113, Catawba County, North Carolina",907,291,616
15000US370350114011,"Block Group 1, Census Tract 114.01, Catawba County, North Carolina",607,55,552
15000US370350114012,"Block Group 2, Census Tract 114.01, Catawba County, North Carolina",488,66,422
15000US370350114013,"Block Group 3, Census Tract 114.01, Catawba County, North Carolina",302,19,283
15000US370350114021,"Block Group 1, Census Tract 114.02, Catawba County, North Carolina",593,88,505
15000US370350114022,"Block Group 2, Census Tract 114.02, Catawba County, North Carolina",529,29,500
15000US370350114023,"Block Group 3, Census Tract 114.02, Catawba County, North Carolina",464,31,433
15000US370350115011,"Block Group 1, Census Tract 115.01, Catawba County, North Carolina",970,72,898
15000US370350115012,"Block Group 2, Census Tract 115.01, Catawba County, North Carolina",752,86,666
15000US370350115013,"Block Group 3, Census Tract 115.01, Catawba County, North Carolina",239,27,212
15000US370350115031,"Block Group 1, Census Tract 115.03, Catawba County, North Carolina",887,63,824
15000US370350115032,"Block Group 2, Census Tract 115.03, Catawba County, North Carolina",574,52,522
15000US370350115041,"Block Group 1, Census Tract 115.04, Catawba County, North Carolina",852,45,807
15000US370350115042,"Block Group 2, Census Tract 115.04, Catawba County, North Carolina",1185,97,1088
15000US370350115043,"Block Group 3, Census Tract 115.04, Catawba County, North Carolina",662,82,580
15000US370350116011,"Block Group 1, Census Tract 116.01, Catawba County, North Carolina",577,106,471
15000US370350116012,"Block Group 2, Census Tract 116.01, Catawba County, North Carolina",627,119,508
15000US370350116013,"Block Group 3, Census Tract 116.01, Catawba County, North Carolina",357,17,340
15000US370350116021,"Block Group 1, Census Tract 116.02, Catawba County, North Carolina",396,54,342
15000US370350116022,"Block Group 2, Census Tract 116.02, Catawba County, North Carolina",781,53,728
15000US370350116023,"Block Group 3, Census Tract 116.02, Catawba County, North Carolina",378,16,362
15000US370350116024,"Block Group 4, Census Tract 116.02, Catawba County, North Carolina",581,84,497
15000US370350117011,"Block Group 1, Census Tract 117.01, Catawba County, North Carolina",709,53,656
15000US370350117012,"Block Group 2, Census Tract 117.01, Catawba County, North Carolina",573,14,559
15000US370350117013,"Block Group 3, Census Tract 117.01, Catawba County, North Carolina",394,19,375
15000US370350117021,"Block Group 1, Census Tract 117.02, Catawba County, North Carolina",673,43,630
15000US370350117022,"Block Group 2, Census Tract 117.02, Catawba County, North Carolina",833,50,783
15000US370350117023,"Block Group 3, Census Tract 117.02, Catawba County, North Carolina",288,42,246
15000US370350117024,"Block Group 4, Census Tract 117.02, Catawba County, North Carolina",401,31,370
15000US370350117025,"Block Group 5, Census Tract 117.02, Catawba County, North Carolina",424,24,400
15000US370350118011,"Block Group 1, Census Tract 118.01, Catawba County, North Carolina",820,84,736
15000US370350118012,"Block Group 2, Census Tract 118.01, Catawba County, North Carolina",811,135,676
15000US370350118013,"Block Group 3, Census Tract 118.01, Catawba County, North Carolina",793,28,765
15000US370350118021,"Block Group 1, Census Tract 118.02, Catawba County, North Carolina",312,31,281
15000US370350118022,"Block Group 2, Census Tract 118.02, Catawba County, North Carolina",570,99,471
15000US370350118023,"Block Group 3, Census Tract 118.02, Catawba County, North Carolina",810,165,645
15000US370350118024,"Block Group 4, Census Tract 118.02, Catawba County, North Carolina",669,127,542
15000US370370201031,"Block Group 1, Census Tract 201.03, Chatham County, North Carolina",1658,144,1514
15000US370370201032,"Block Group 2, Census Tract 201.03, Chatham County, North Carolina",330,12,318
15000US370370201041,"Block Group 1, Census Tract 201.04, Chatham County, North Carolina",1157,66,1091
15000US370370201042,"Block Group 2, Census Tract 201.04, Chatham County, North Carolina",1430,43,1387
15000US370370201051,"Block Group 1, Census Tract 201.05, Chatham County, North Carolina",659,70,589
15000US370370201052,"Block Group 2, Census Tract 201.05, Chatham County, North Carolina",1641,70,1571
15000US370370201061,"Block Group 1, Census Tract 201.06, Chatham County, North Carolina",538,74,464
15000US370370201062,"Block Group 2, Census Tract 201.06, Chatham County, North Carolina",691,41,650
15000US370370201063,"Block Group 3, Census Tract 201.06, Chatham County, North Carolina",567,86,481
15000US370370202001,"Block Group 1, Census Tract 202, Chatham County, North Carolina",904,89,815
15000US370370202002,"Block Group 2, Census Tract 202, Chatham County, North Carolina",375,46,329
15000US370370202003,"Block Group 3, Census Tract 202, Chatham County, North Carolina",1070,45,1025
15000US370370202004,"Block Group 4, Census Tract 202, Chatham County, North Carolina",972,83,889
15000US370370203001,"Block Group 1, Census Tract 203, Chatham County, North Carolina",534,24,510
15000US370370203002,"Block Group 2, Census Tract 203, Chatham County, North Carolina",512,89,423
15000US370370204011,"Block Group 1, Census Tract 204.01, Chatham County, North Carolina",697,111,586
15000US370370204012,"Block Group 2, Census Tract 204.01, Chatham County, North Carolina",316,17,299
15000US370370204013,"Block Group 3, Census Tract 204.01, Chatham County, North Carolina",1021,189,832
15000US370370204021,"Block Group 1, Census Tract 204.02, Chatham County, North Carolina",916,130,786
15000US370370204022,"Block Group 2, Census Tract 204.02, Chatham County, North Carolina",674,222,452
15000US370370205001,"Block Group 1, Census Tract 205, Chatham County, North Carolina",425,68,357
15000US370370205002,"Block Group 2, Census Tract 205, Chatham County, North Carolina",533,92,441
15000US370370205003,"Block Group 3, Census Tract 205, Chatham County, North Carolina",423,40,383
15000US370370206001,"Block Group 1, Census Tract 206, Chatham County, North Carolina",526,58,468
15000US370370206002,"Block Group 2, Census Tract 206, Chatham County, North Carolina",900,176,724
15000US370370206003,"Block Group 3, Census Tract 206, Chatham County, North Carolina",452,33,419
15000US370370206004,"Block Group 4, Census Tract 206, Chatham County, North Carolina",214,16,198
15000US370370207011,"Block Group 1, Census Tract 207.01, Chatham County, North Carolina",3256,116,3140
15000US370370207021,"Block Group 1, Census Tract 207.02, Chatham County, North Carolina",603,42,561
15000US370370207022,"Block Group 2, Census Tract 207.02, Chatham County, North Carolina",575,92,483
15000US370370207023,"Block Group 3, Census Tract 207.02, Chatham County, North Carolina",395,18,377
15000US370370208001,"Block Group 1, Census Tract 208, Chatham County, North Carolina",1010,82,928
15000US370370208002,"Block Group 2, Census Tract 208, Chatham County, North Carolina",1289,151,1138
15000US370370208003,"Block Group 3, Census Tract 208, Chatham County, North Carolina",922,12,910
15000US370370208004,"Block Group 4, Census Tract 208, Chatham County, North Carolina",848,83,765
15000US370399301001,"Block Group 1, Census Tract 9301, Cherokee County, North Carolina",374,13,361
15000US370399301002,"Block Group 2, Census Tract 9301, Cherokee County, North Carolina",332,70,262
15000US370399301003,"Block Group 3, Census Tract 9301, Cherokee County, North Carolina",469,169,300
15000US370399301004,"Block Group 4, Census Tract 9301, Cherokee County, North Carolina",637,71,566
15000US370399302001,"Block Group 1, Census Tract 9302, Cherokee County, North Carolina",610,161,449
15000US370399302002,"Block Group 2, Census Tract 9302, Cherokee County, North Carolina",337,35,302
15000US370399303001,"Block Group 1, Census Tract 9303, Cherokee County, North Carolina",915,112,803
15000US370399303002,"Block Group 2, Census Tract 9303, Cherokee County, North Carolina",231,33,198
15000US370399304001,"Block Group 1, Census Tract 9304, Cherokee County, North Carolina",582,87,495
15000US370399304002,"Block Group 2, Census Tract 9304, Cherokee County, North Carolina",632,186,446
15000US370399304003,"Block Group 3, Census Tract 9304, Cherokee County, North Carolina",376,25,351
15000US370399304004,"Block Group 4, Census Tract 9304, Cherokee County, North Carolina",412,101,311
15000US370399304005,"Block Group 5, Census Tract 9304, Cherokee County, North Carolina",530,160,370
15000US370399305001,"Block Group 1, Census Tract 9305, Cherokee County, North Carolina",947,120,827
15000US370399305002,"Block Group 2, Census Tract 9305, Cherokee County, North Carolina",805,93,712
15000US370399305003,"Block Group 3, Census Tract 9305, Cherokee County, North Carolina",747,106,641
15000US370399306011,"Block Group 1, Census Tract 9306.01, Cherokee County, North Carolina",807,79,728
15000US370399306012,"Block Group 2, Census Tract 9306.01, Cherokee County, North Carolina",784,108,676
15000US370399306021,"Block Group 1, Census Tract 9306.02, Cherokee County, North Carolina",1122,153,969
15000US370399306022,"Block Group 2, Census Tract 9306.02, Cherokee County, North Carolina",400,65,335
15000US370399306023,"Block Group 3, Census Tract 9306.02, Cherokee County, North Carolina",422,68,354
15000US370419301010,"Block Group 0, Census Tract 9301.01, Chowan County, North Carolina",0,0,0
15000US370419301011,"Block Group 1, Census Tract 9301.01, Chowan County, North Carolina",685,181,504
15000US370419301012,"Block Group 2, Census Tract 9301.01, Chowan County, North Carolina",692,109,583
15000US370419301013,"Block Group 3, Census Tract 9301.01, Chowan County, North Carolina",517,159,358
15000US370419301014,"Block Group 4, Census Tract 9301.01, Chowan County, North Carolina",436,164,272
15000US370419301020,"Block Group 0, Census Tract 9301.02, Chowan County, North Carolina",0,0,0
15000US370419301021,"Block Group 1, Census Tract 9301.02, Chowan County, North Carolina",569,97,472
15000US370419301022,"Block Group 2, Census Tract 9301.02, Chowan County, North Carolina",425,55,370
15000US370419302001,"Block Group 1, Census Tract 9302, Chowan County, North Carolina",552,23,529
15000US370419302002,"Block Group 2, Census Tract 9302, Chowan County, North Carolina",475,46,429
15000US370419302003,"Block Group 3, Census Tract 9302, Chowan County, North Carolina",325,61,264
15000US370419302004,"Block Group 4, Census Tract 9302, Chowan County, North Carolina",569,20,549
15000US370419302005,"Block Group 5, Census Tract 9302, Chowan County, North Carolina",365,23,342
15000US370419302006,"Block Group 6, Census Tract 9302, Chowan County, North Carolina",523,52,471
15000US370439501001,"Block Group 1, Census Tract 9501, Clay County, North Carolina",588,12,576
15000US370439501002,"Block Group 2, Census Tract 9501, Clay County, North Carolina",543,123,420
15000US370439501003,"Block Group 3, Census Tract 9501, Clay County, North Carolina",797,49,748
15000US370439501004,"Block Group 4, Census Tract 9501, Clay County, North Carolina",432,128,304
15000US370439502001,"Block Group 1, Census Tract 9502, Clay County, North Carolina",696,83,613
15000US370439502002,"Block Group 2, Census Tract 9502, Clay County, North Carolina",1144,208,936
15000US370439502003,"Block Group 3, Census Tract 9502, Clay County, North Carolina",796,159,637
15000US370459501011,"Block Group 1, Census Tract 9501.01, Cleveland County, North Carolina",586,124,462
15000US370459501012,"Block Group 2, Census Tract 9501.01, Cleveland County, North Carolina",604,95,509
15000US370459501013,"Block Group 3, Census Tract 9501.01, Cleveland County, North Carolina",299,78,221
15000US370459501014,"Block Group 4, Census Tract 9501.01, Cleveland County, North Carolina",315,44,271
15000US370459501021,"Block Group 1, Census Tract 9501.02, Cleveland County, North Carolina",508,112,396
15000US370459501022,"Block Group 2, Census Tract 9501.02, Cleveland County, North Carolina",484,88,396
15000US370459502001,"Block Group 1, Census Tract 9502, Cleveland County, North Carolina",357,99,258
15000US370459502002,"Block Group 2, Census Tract 9502, Cleveland County, North Carolina",425,71,354
15000US370459502003,"Block Group 3, Census Tract 9502, Cleveland County, North Carolina",456,52,404
15000US370459502004,"Block Group 4, Census Tract 9502, Cleveland County, North Carolina",506,51,455
15000US370459503011,"Block Group 1, Census Tract 9503.01, Cleveland County, North Carolina",619,90,529
15000US370459503012,"Block Group 2, Census Tract 9503.01, Cleveland County, North Carolina",251,129,122
15000US370459503013,"Block Group 3, Census Tract 9503.01, Cleveland County, North Carolina",293,95,198
15000US370459503014,"Block Group 4, Census Tract 9503.01, Cleveland County, North Carolina",426,63,363
15000US370459503021,"Block Group 1, Census Tract 9503.02, Cleveland County, North Carolina",629,91,538
15000US370459503022,"Block Group 2, Census Tract 9503.02, Cleveland County, North Carolina",492,45,447
15000US370459503023,"Block Group 3, Census Tract 9503.02, Cleveland County, North Carolina",600,98,502
15000US370459503024,"Block Group 4, Census Tract 9503.02, Cleveland County, North Carolina",427,35,392
15000US370459504001,"Block Group 1, Census Tract 9504, Cleveland County, North Carolina",442,143,299
15000US370459504002,"Block Group 2, Census Tract 9504, Cleveland County, North Carolina",783,313,470
15000US370459504003,"Block Group 3, Census Tract 9504, Cleveland County, North Carolina",444,21,423
15000US370459504004,"Block Group 4, Census Tract 9504, Cleveland County, North Carolina",347,69,278
15000US370459504005,"Block Group 5, Census Tract 9504, Cleveland County, North Carolina",356,48,308
15000US370459504006,"Block Group 6, Census Tract 9504, Cleveland County, North Carolina",320,37,283
15000US370459505001,"Block Group 1, Census Tract 9505, Cleveland County, North Carolina",415,76,339
15000US370459505002,"Block Group 2, Census Tract 9505, Cleveland County, North Carolina",403,57,346
15000US370459505003,"Block Group 3, Census Tract 9505, Cleveland County, North Carolina",567,227,340
15000US370459506011,"Block Group 1, Census Tract 9506.01, Cleveland County, North Carolina",508,78,430
15000US370459506012,"Block Group 2, Census Tract 9506.01, Cleveland County, North Carolina",856,135,721
15000US370459506021,"Block Group 1, Census Tract 9506.02, Cleveland County, North Carolina",476,86,390
15000US370459506022,"Block Group 2, Census Tract 9506.02, Cleveland County, North Carolina",603,84,519
15000US370459506023,"Block Group 3, Census Tract 9506.02, Cleveland County, North Carolina",354,117,237
15000US370459506024,"Block Group 4, Census Tract 9506.02, Cleveland County, North Carolina",670,140,530
15000US370459507001,"Block Group 1, Census Tract 9507, Cleveland County, North Carolina",686,173,513
15000US370459507002,"Block Group 2, Census Tract 9507, Cleveland County, North Carolina",460,14,446
15000US370459507003,"Block Group 3, Census Tract 9507, Cleveland County, North Carolina",415,185,230
15000US370459507004,"Block Group 4, Census Tract 9507, Cleveland County, North Carolina",679,106,573
15000US370459507005,"Block Group 5, Census Tract 9507, Cleveland County, North Carolina",737,212,525
15000US370459508001,"Block Group 1, Census Tract 9508, Cleveland County, North Carolina",425,91,334
15000US370459508002,"Block Group 2, Census Tract 9508, Cleveland County, North Carolina",801,178,623
15000US370459508003,"Block Group 3, Census Tract 9508, Cleveland County, North Carolina",650,186,464
15000US370459509001,"Block Group 1, Census Tract 9509, Cleveland County, North Carolina",426,135,291
15000US370459509002,"Block Group 2, Census Tract 9509, Cleveland County, North Carolina",437,143,294
15000US370459509003,"Block Group 3, Census Tract 9509, Cleveland County, North Carolina",363,123,240
15000US370459510001,"Block Group 1, Census Tract 9510, Cleveland County, North Carolina",315,10,305
15000US370459510002,"Block Group 2, Census Tract 9510, Cleveland County, North Carolina",457,105,352
15000US370459510003,"Block Group 3, Census Tract 9510, Cleveland County, North Carolina",82,35,47
15000US370459510004,"Block Group 4, Census Tract 9510, Cleveland County, North Carolina",349,133,216
15000US370459511001,"Block Group 1, Census Tract 9511, Cleveland County, North Carolina",288,98,190
15000US370459511002,"Block Group 2, Census Tract 9511, Cleveland County, North Carolina",332,105,227
15000US370459511003,"Block Group 3, Census Tract 9511, Cleveland County, North Carolina",239,51,188
15000US370459511004,"Block Group 4, Census Tract 9511, Cleveland County, North Carolina",207,70,137
15000US370459512001,"Block Group 1, Census Tract 9512, Cleveland County, North Carolina",352,33,319
15000US370459512002,"Block Group 2, Census Tract 9512, Cleveland County, North Carolina",229,12,217
15000US370459512003,"Block Group 3, Census Tract 9512, Cleveland County, North Carolina",443,199,244
15000US370459512004,"Block Group 4, Census Tract 9512, Cleveland County, North Carolina",447,90,357
15000US370459512005,"Block Group 5, Census Tract 9512, Cleveland County, North Carolina",345,64,281
15000US370459512006,"Block Group 6, Census Tract 9512, Cleveland County, North Carolina",348,97,251
15000US370459513001,"Block Group 1, Census Tract 9513, Cleveland County, North Carolina",459,77,382
15000US370459513002,"Block Group 2, Census Tract 9513, Cleveland County, North Carolina",563,53,510
15000US370459514001,"Block Group 1, Census Tract 9514, Cleveland County, North Carolina",530,115,415
15000US370459514002,"Block Group 2, Census Tract 9514, Cleveland County, North Carolina",358,47,311
15000US370459514003,"Block Group 3, Census Tract 9514, Cleveland County, North Carolina",365,58,307
15000US370459514004,"Block Group 4, Census Tract 9514, Cleveland County, North Carolina",556,167,389
15000US370459514005,"Block Group 5, Census Tract 9514, Cleveland County, North Carolina",461,125,336
15000US370459515011,"Block Group 1, Census Tract 9515.01, Cleveland County, North Carolina",638,21,617
15000US370459515012,"Block Group 2, Census Tract 9515.01, Cleveland County, North Carolina",457,54,403
15000US370459515013,"Block Group 3, Census Tract 9515.01, Cleveland County, North Carolina",494,72,422
15000US370459515021,"Block Group 1, Census Tract 9515.02, Cleveland County, North Carolina",431,72,359
15000US370459515031,"Block Group 1, Census Tract 9515.03, Cleveland County, North Carolina",847,144,703
15000US370459516011,"Block Group 1, Census Tract 9516.01, Cleveland County, North Carolina",524,39,485
15000US370459516012,"Block Group 2, Census Tract 9516.01, Cleveland County, North Carolina",206,53,153
15000US370459516013,"Block Group 3, Census Tract 9516.01, Cleveland County, North Carolina",728,137,591
15000US370459516021,"Block Group 1, Census Tract 9516.02, Cleveland County, North Carolina",489,112,377
15000US370459516022,"Block Group 2, Census Tract 9516.02, Cleveland County, North Carolina",755,117,638
15000US370459516023,"Block Group 3, Census Tract 9516.02, Cleveland County, North Carolina",132,41,91
15000US370459516024,"Block Group 4, Census Tract 9516.02, Cleveland County, North Carolina",312,41,271
15000US370479301001,"Block Group 1, Census Tract 9301, Columbus County, North Carolina",408,122,286
15000US370479301002,"Block Group 2, Census Tract 9301, Columbus County, North Carolina",747,161,586
15000US370479301003,"Block Group 3, Census Tract 9301, Columbus County, North Carolina",537,110,427
15000US370479302001,"Block Group 1, Census Tract 9302, Columbus County, North Carolina",818,171,647
15000US370479303001,"Block Group 1, Census Tract 9303, Columbus County, North Carolina",371,102,269
15000US370479303002,"Block Group 2, Census Tract 9303, Columbus County, North Carolina",412,84,328
15000US370479303003,"Block Group 3, Census Tract 9303, Columbus County, North Carolina",285,35,250
15000US370479304001,"Block Group 1, Census Tract 9304, Columbus County, North Carolina",814,95,719
15000US370479304002,"Block Group 2, Census Tract 9304, Columbus County, North Carolina",350,87,263
15000US370479304003,"Block Group 3, Census Tract 9304, Columbus County, North Carolina",384,13,371
15000US370479305001,"Block Group 1, Census Tract 9305, Columbus County, North Carolina",527,115,412
15000US370479305002,"Block Group 2, Census Tract 9305, Columbus County, North Carolina",784,225,559
15000US370479305003,"Block Group 3, Census Tract 9305, Columbus County, North Carolina",430,80,350
15000US370479306001,"Block Group 1, Census Tract 9306, Columbus County, North Carolina",249,94,155
15000US370479306002,"Block Group 2, Census Tract 9306, Columbus County, North Carolina",192,5,187
15000US370479306003,"Block Group 3, Census Tract 9306, Columbus County, North Carolina",555,99,456
15000US370479306004,"Block Group 4, Census Tract 9306, Columbus County, North Carolina",367,64,303
15000US370479307001,"Block Group 1, Census Tract 9307, Columbus County, North Carolina",313,72,241
15000US370479307002,"Block Group 2, Census Tract 9307, Columbus County, North Carolina",416,237,179
15000US370479307003,"Block Group 3, Census Tract 9307, Columbus County, North Carolina",330,70,260
15000US370479307004,"Block Group 4, Census Tract 9307, Columbus County, North Carolina",391,41,350
15000US370479307005,"Block Group 5, Census Tract 9307, Columbus County, North Carolina",485,134,351
15000US370479308001,"Block Group 1, Census Tract 9308, Columbus County, North Carolina",466,10,456
15000US370479308002,"Block Group 2, Census Tract 9308, Columbus County, North Carolina",415,0,415
15000US370479308003,"Block Group 3, Census Tract 9308, Columbus County, North Carolina",394,81,313
15000US370479308004,"Block Group 4, Census Tract 9308, Columbus County, North Carolina",346,120,226
15000US370479309001,"Block Group 1, Census Tract 9309, Columbus County, North Carolina",512,27,485
15000US370479309002,"Block Group 2, Census Tract 9309, Columbus County, North Carolina",152,35,117
15000US370479309003,"Block Group 3, Census Tract 9309, Columbus County, North Carolina",97,30,67
15000US370479309004,"Block Group 4, Census Tract 9309, Columbus County, North Carolina",304,30,274
15000US370479309005,"Block Group 5, Census Tract 9309, Columbus County, North Carolina",921,424,497
15000US370479310001,"Block Group 1, Census Tract 9310, Columbus County, North Carolina",692,210,482
15000US370479310002,"Block Group 2, Census Tract 9310, Columbus County, North Carolina",617,124,493
15000US370479310003,"Block Group 3, Census Tract 9310, Columbus County, North Carolina",697,216,481
15000US370479311001,"Block Group 1, Census Tract 9311, Columbus County, North Carolina",420,95,325
15000US370479311002,"Block Group 2, Census Tract 9311, Columbus County, North Carolina",703,161,542
15000US370479311003,"Block Group 3, Census Tract 9311, Columbus County, North Carolina",322,61,261
15000US370479312001,"Block Group 1, Census Tract 9312, Columbus County, North Carolina",336,117,219
15000US370479312002,"Block Group 2, Census Tract 9312, Columbus County, North Carolina",470,167,303
15000US370479312003,"Block Group 3, Census Tract 9312, Columbus County, North Carolina",237,73,164
15000US370479312004,"Block Group 4, Census Tract 9312, Columbus County, North Carolina",392,59,333
15000US370479312005,"Block Group 5, Census Tract 9312, Columbus County, North Carolina",450,81,369
15000US370479312006,"Block Group 6, Census Tract 9312, Columbus County, North Carolina",239,25,214
15000US370479313001,"Block Group 1, Census Tract 9313, Columbus County, North Carolina",780,202,578
15000US370479313002,"Block Group 2, Census Tract 9313, Columbus County, North Carolina",197,22,175
15000US370479313003,"Block Group 3, Census Tract 9313, Columbus County, North Carolina",487,50,437
15000US370479313004,"Block Group 4, Census Tract 9313, Columbus County, North Carolina",769,152,617
15000US370499601011,"Block Group 1, Census Tract 9601.01, Craven County, North Carolina",578,21,557
15000US370499601012,"Block Group 2, Census Tract 9601.01, Craven County, North Carolina",1059,48,1011
15000US370499601021,"Block Group 1, Census Tract 9601.02, Craven County, North Carolina",422,12,410
15000US370499601022,"Block Group 2, Census Tract 9601.02, Craven County, North Carolina",411,51,360
15000US370499601023,"Block Group 3, Census Tract 9601.02, Craven County, North Carolina",1072,232,840
15000US370499602001,"Block Group 1, Census Tract 9602, Craven County, North Carolina",572,137,435
15000US370499602002,"Block Group 2, Census Tract 9602, Craven County, North Carolina",828,195,633
15000US370499602003,"Block Group 3, Census Tract 9602, Craven County, North Carolina",584,223,361
15000US370499602004,"Block Group 4, Census Tract 9602, Craven County, North Carolina",788,206,582
15000US370499602005,"Block Group 5, Census Tract 9602, Craven County, North Carolina",552,46,506
15000US370499603001,"Block Group 1, Census Tract 9603, Craven County, North Carolina",728,45,683
15000US370499603002,"Block Group 2, Census Tract 9603, Craven County, North Carolina",501,124,377
15000US370499603003,"Block Group 3, Census Tract 9603, Craven County, North Carolina",233,22,211
15000US370499603004,"Block Group 4, Census Tract 9603, Craven County, North Carolina",570,84,486
15000US370499603005,"Block Group 5, Census Tract 9603, Craven County, North Carolina",633,224,409
15000US370499604011,"Block Group 1, Census Tract 9604.01, Craven County, North Carolina",757,46,711
15000US370499604012,"Block Group 2, Census Tract 9604.01, Craven County, North Carolina",1584,106,1478
15000US370499604021,"Block Group 1, Census Tract 9604.02, Craven County, North Carolina",750,65,685
15000US370499604022,"Block Group 2, Census Tract 9604.02, Craven County, North Carolina",531,185,346
15000US370499604023,"Block Group 3, Census Tract 9604.02, Craven County, North Carolina",451,57,394
15000US370499604031,"Block Group 1, Census Tract 9604.03, Craven County, North Carolina",286,0,286
15000US370499604032,"Block Group 2, Census Tract 9604.03, Craven County, North Carolina",923,44,879
15000US370499604033,"Block Group 3, Census Tract 9604.03, Craven County, North Carolina",435,0,435
15000US370499604041,"Block Group 1, Census Tract 9604.04, Craven County, North Carolina",624,37,587
15000US370499604042,"Block Group 2, Census Tract 9604.04, Craven County, North Carolina",723,37,686
15000US370499605001,"Block Group 1, Census Tract 9605, Craven County, North Carolina",245,67,178
15000US370499605002,"Block Group 2, Census Tract 9605, Craven County, North Carolina",1147,352,795
15000US370499605003,"Block Group 3, Census Tract 9605, Craven County, North Carolina",1701,152,1549
15000US370499605004,"Block Group 4, Census Tract 9605, Craven County, North Carolina",591,191,400
15000US370499606001,"Block Group 1, Census Tract 9606, Craven County, North Carolina",1085,120,965
15000US370499606002,"Block Group 2, Census Tract 9606, Craven County, North Carolina",292,0,292
15000US370499606003,"Block Group 3, Census Tract 9606, Craven County, North Carolina",593,257,336
15000US370499606004,"Block Group 4, Census Tract 9606, Craven County, North Carolina",397,79,318
15000US370499607001,"Block Group 1, Census Tract 9607, Craven County, North Carolina",498,28,470
15000US370499607002,"Block Group 2, Census Tract 9607, Craven County, North Carolina",371,45,326
15000US370499608001,"Block Group 1, Census Tract 9608, Craven County, North Carolina",165,102,63
15000US370499608002,"Block Group 2, Census Tract 9608, Craven County, North Carolina",402,42,360
15000US370499608003,"Block Group 3, Census Tract 9608, Craven County, North Carolina",227,34,193
15000US370499608004,"Block Group 4, Census Tract 9608, Craven County, North Carolina",212,85,127
15000US370499609001,"Block Group 1, Census Tract 9609, Craven County, North Carolina",532,33,499
15000US370499609002,"Block Group 2, Census Tract 9609, Craven County, North Carolina",453,234,219
15000US370499610011,"Block Group 1, Census Tract 9610.01, Craven County, North Carolina",336,105,231
15000US370499610012,"Block Group 2, Census Tract 9610.01, Craven County, North Carolina",1879,154,1725
15000US370499610013,"Block Group 3, Census Tract 9610.01, Craven County, North Carolina",1967,60,1907
15000US370499610021,"Block Group 1, Census Tract 9610.02, Craven County, North Carolina",770,50,720
15000US370499610022,"Block Group 2, Census Tract 9610.02, Craven County, North Carolina",303,53,250
15000US370499610023,"Block Group 3, Census Tract 9610.02, Craven County, North Carolina",267,54,213
15000US370499610024,"Block Group 4, Census Tract 9610.02, Craven County, North Carolina",256,11,245
15000US370499611001,"Block Group 1, Census Tract 9611, Craven County, North Carolina",1792,140,1652
15000US370499611002,"Block Group 2, Census Tract 9611, Craven County, North Carolina",754,103,651
15000US370499611003,"Block Group 3, Census Tract 9611, Craven County, North Carolina",725,45,680
15000US370499612011,"Block Group 1, Census Tract 9612.01, Craven County, North Carolina",672,61,611
15000US370499612012,"Block Group 2, Census Tract 9612.01, Craven County, North Carolina",548,50,498
15000US370499612021,"Block Group 1, Census Tract 9612.02, Craven County, North Carolina",224,5,219
15000US370499612022,"Block Group 2, Census Tract 9612.02, Craven County, North Carolina",18,0,18
15000US370499613011,"Block Group 1, Census Tract 9613.01, Craven County, North Carolina",562,73,489
15000US370499613012,"Block Group 2, Census Tract 9613.01, Craven County, North Carolina",526,82,444
15000US370499613013,"Block Group 3, Census Tract 9613.01, Craven County, North Carolina",353,8,345
15000US370499613021,"Block Group 1, Census Tract 9613.02, Craven County, North Carolina",665,128,537
15000US370499613022,"Block Group 2, Census Tract 9613.02, Craven County, North Carolina",766,98,668
15000US370499613023,"Block Group 3, Census Tract 9613.02, Craven County, North Carolina",298,58,240
15000US370499613024,"Block Group 4, Census Tract 9613.02, Craven County, North Carolina",380,59,321
15000US370499613031,"Block Group 1, Census Tract 9613.03, Craven County, North Carolina",483,75,408
15000US370499613032,"Block Group 2, Census Tract 9613.03, Craven County, North Carolina",1176,172,1004
15000US370510002001,"Block Group 1, Census Tract 2, Cumberland County, North Carolina",128,74,54
15000US370510002002,"Block Group 2, Census Tract 2, Cumberland County, North Carolina",631,351,280
15000US370510002003,"Block Group 3, Census Tract 2, Cumberland County, North Carolina",233,66,167
15000US370510005001,"Block Group 1, Census Tract 5, Cumberland County, North Carolina",524,151,373
15000US370510005002,"Block Group 2, Census Tract 5, Cumberland County, North Carolina",199,126,73
15000US370510005003,"Block Group 3, Census Tract 5, Cumberland County, North Carolina",195,70,125
15000US370510006001,"Block Group 1, Census Tract 6, Cumberland County, North Carolina",552,218,334
15000US370510006002,"Block Group 2, Census Tract 6, Cumberland County, North Carolina",376,50,326
15000US370510006003,"Block Group 3, Census Tract 6, Cumberland County, North Carolina",838,118,720
15000US370510006004,"Block Group 4, Census Tract 6, Cumberland County, North Carolina",215,156,59
15000US370510006005,"Block Group 5, Census Tract 6, Cumberland County, North Carolina",407,18,389
15000US370510007011,"Block Group 1, Census Tract 7.01, Cumberland County, North Carolina",814,126,688
15000US370510007012,"Block Group 2, Census Tract 7.01, Cumberland County, North Carolina",534,15,519
15000US370510007013,"Block Group 3, Census Tract 7.01, Cumberland County, North Carolina",915,149,766
15000US370510007021,"Block Group 1, Census Tract 7.02, Cumberland County, North Carolina",604,66,538
15000US370510007022,"Block Group 2, Census Tract 7.02, Cumberland County, North Carolina",375,20,355
15000US370510008001,"Block Group 1, Census Tract 8, Cumberland County, North Carolina",316,33,283
15000US370510008002,"Block Group 2, Census Tract 8, Cumberland County, North Carolina",487,81,406
15000US370510008003,"Block Group 3, Census Tract 8, Cumberland County, North Carolina",523,102,421
15000US370510009001,"Block Group 1, Census Tract 9, Cumberland County, North Carolina",325,55,270
15000US370510009002,"Block Group 2, Census Tract 9, Cumberland County, North Carolina",372,75,297
15000US370510009003,"Block Group 3, Census Tract 9, Cumberland County, North Carolina",375,19,356
15000US370510009004,"Block Group 4, Census Tract 9, Cumberland County, North Carolina",407,104,303
15000US370510009005,"Block Group 5, Census Tract 9, Cumberland County, North Carolina",419,62,357
15000US370510009006,"Block Group 6, Census Tract 9, Cumberland County, North Carolina",363,15,348
15000US370510010001,"Block Group 1, Census Tract 10, Cumberland County, North Carolina",471,114,357
15000US370510010002,"Block Group 2, Census Tract 10, Cumberland County, North Carolina",617,207,410
15000US370510011001,"Block Group 1, Census Tract 11, Cumberland County, North Carolina",503,110,393
15000US370510011002,"Block Group 2, Census Tract 11, Cumberland County, North Carolina",367,125,242
15000US370510011003,"Block Group 3, Census Tract 11, Cumberland County, North Carolina",432,49,383
15000US370510012001,"Block Group 1, Census Tract 12, Cumberland County, North Carolina",632,246,386
15000US370510012002,"Block Group 2, Census Tract 12, Cumberland County, North Carolina",322,205,117
15000US370510012003,"Block Group 3, Census Tract 12, Cumberland County, North Carolina",395,173,222
15000US370510012004,"Block Group 4, Census Tract 12, Cumberland County, North Carolina",995,266,729
15000US370510014001,"Block Group 1, Census Tract 14, Cumberland County, North Carolina",574,145,429
15000US370510014002,"Block Group 2, Census Tract 14, Cumberland County, North Carolina",423,243,180
15000US370510014003,"Block Group 3, Census Tract 14, Cumberland County, North Carolina",203,0,203
15000US370510014004,"Block Group 4, Census Tract 14, Cumberland County, North Carolina",480,101,379
15000US370510014005,"Block Group 5, Census Tract 14, Cumberland County, North Carolina",758,193,565
15000US370510015001,"Block Group 1, Census Tract 15, Cumberland County, North Carolina",608,91,517
15000US370510015002,"Block Group 2, Census Tract 15, Cumberland County, North Carolina",497,67,430
15000US370510016011,"Block Group 1, Census Tract 16.01, Cumberland County, North Carolina",536,40,496
15000US370510016012,"Block Group 2, Census Tract 16.01, Cumberland County, North Carolina",813,128,685
15000US370510016013,"Block Group 3, Census Tract 16.01, Cumberland County, North Carolina",1463,242,1221
15000US370510016031,"Block Group 1, Census Tract 16.03, Cumberland County, North Carolina",612,217,395
15000US370510016032,"Block Group 2, Census Tract 16.03, Cumberland County, North Carolina",751,110,641
15000US370510016041,"Block Group 1, Census Tract 16.04, Cumberland County, North Carolina",536,112,424
15000US370510016042,"Block Group 2, Census Tract 16.04, Cumberland County, North Carolina",1075,177,898
15000US370510016043,"Block Group 3, Census Tract 16.04, Cumberland County, North Carolina",1318,189,1129
15000US370510017001,"Block Group 1, Census Tract 17, Cumberland County, North Carolina",806,151,655
15000US370510017002,"Block Group 2, Census Tract 17, Cumberland County, North Carolina",403,103,300
15000US370510017003,"Block Group 3, Census Tract 17, Cumberland County, North Carolina",504,136,368
15000US370510017004,"Block Group 4, Census Tract 17, Cumberland County, North Carolina",1647,293,1354
15000US370510018001,"Block Group 1, Census Tract 18, Cumberland County, North Carolina",479,97,382
15000US370510018002,"Block Group 2, Census Tract 18, Cumberland County, North Carolina",530,111,419
15000US370510019011,"Block Group 1, Census Tract 19.01, Cumberland County, North Carolina",820,168,652
15000US370510019021,"Block Group 1, Census Tract 19.02, Cumberland County, North Carolina",846,185,661
15000US370510019022,"Block Group 2, Census Tract 19.02, Cumberland County, North Carolina",898,113,785
15000US370510019031,"Block Group 1, Census Tract 19.03, Cumberland County, North Carolina",563,171,392
15000US370510019032,"Block Group 2, Census Tract 19.03, Cumberland County, North Carolina",530,111,419
15000US370510019033,"Block Group 3, Census Tract 19.03, Cumberland County, North Carolina",256,23,233
15000US370510019034,"Block Group 4, Census Tract 19.03, Cumberland County, North Carolina",334,139,195
15000US370510020011,"Block Group 1, Census Tract 20.01, Cumberland County, North Carolina",720,108,612
15000US370510020012,"Block Group 2, Census Tract 20.01, Cumberland County, North Carolina",749,95,654
15000US370510020021,"Block Group 1, Census Tract 20.02, Cumberland County, North Carolina",163,77,86
15000US370510020022,"Block Group 2, Census Tract 20.02, Cumberland County, North Carolina",853,219,634
15000US370510020023,"Block Group 3, Census Tract 20.02, Cumberland County, North Carolina",437,50,387
15000US370510020024,"Block Group 4, Census Tract 20.02, Cumberland County, North Carolina",593,44,549
15000US370510021001,"Block Group 1, Census Tract 21, Cumberland County, North Carolina",640,95,545
15000US370510021002,"Block Group 2, Census Tract 21, Cumberland County, North Carolina",728,221,507
15000US370510021003,"Block Group 3, Census Tract 21, Cumberland County, North Carolina",430,8,422
15000US370510022001,"Block Group 1, Census Tract 22, Cumberland County, North Carolina",610,97,513
15000US370510022002,"Block Group 2, Census Tract 22, Cumberland County, North Carolina",538,131,407
15000US370510023001,"Block Group 1, Census Tract 23, Cumberland County, North Carolina",470,128,342
15000US370510023002,"Block Group 2, Census Tract 23, Cumberland County, North Carolina",1036,379,657
15000US370510023003,"Block Group 3, Census Tract 23, Cumberland County, North Carolina",571,57,514
15000US370510024011,"Block Group 1, Census Tract 24.01, Cumberland County, North Carolina",345,145,200
15000US370510024012,"Block Group 2, Census Tract 24.01, Cumberland County, North Carolina",280,94,186
15000US370510024021,"Block Group 1, Census Tract 24.02, Cumberland County, North Carolina",319,95,224
15000US370510024022,"Block Group 2, Census Tract 24.02, Cumberland County, North Carolina",774,199,575
15000US370510024023,"Block Group 3, Census Tract 24.02, Cumberland County, North Carolina",521,78,443
15000US370510025011,"Block Group 1, Census Tract 25.01, Cumberland County, North Carolina",664,113,551
15000US370510025012,"Block Group 2, Census Tract 25.01, Cumberland County, North Carolina",458,84,374
15000US370510025013,"Block Group 3, Census Tract 25.01, Cumberland County, North Carolina",1997,171,1826
15000US370510025021,"Block Group 1, Census Tract 25.02, Cumberland County, North Carolina",1680,256,1424
15000US370510025022,"Block Group 2, Census Tract 25.02, Cumberland County, North Carolina",584,138,446
15000US370510025023,"Block Group 3, Census Tract 25.02, Cumberland County, North Carolina",787,181,606
15000US370510025031,"Block Group 1, Census Tract 25.03, Cumberland County, North Carolina",801,126,675
15000US370510025032,"Block Group 2, Census Tract 25.03, Cumberland County, North Carolina",639,133,506
15000US370510025033,"Block Group 3, Census Tract 25.03, Cumberland County, North Carolina",690,42,648
15000US370510025041,"Block Group 1, Census Tract 25.04, Cumberland County, North Carolina",533,170,363
15000US370510025042,"Block Group 2, Census Tract 25.04, Cumberland County, North Carolina",1264,218,1046
15000US370510025043,"Block Group 3, Census Tract 25.04, Cumberland County, North Carolina",1006,93,913
15000US370510026001,"Block Group 1, Census Tract 26, Cumberland County, North Carolina",563,79,484
15000US370510026002,"Block Group 2, Census Tract 26, Cumberland County, North Carolina",691,35,656
15000US370510026003,"Block Group 3, Census Tract 26, Cumberland County, North Carolina",684,105,579
15000US370510027001,"Block Group 1, Census Tract 27, Cumberland County, North Carolina",481,59,422
15000US370510027002,"Block Group 2, Census Tract 27, Cumberland County, North Carolina",393,39,354
15000US370510027003,"Block Group 3, Census Tract 27, Cumberland County, North Carolina",1191,191,1000
15000US370510027004,"Block Group 4, Census Tract 27, Cumberland County, North Carolina",956,150,806
15000US370510028001,"Block Group 1, Census Tract 28, Cumberland County, North Carolina",1101,169,932
15000US370510028002,"Block Group 2, Census Tract 28, Cumberland County, North Carolina",640,56,584
15000US370510028003,"Block Group 3, Census Tract 28, Cumberland County, North Carolina",703,135,568
15000US370510029001,"Block Group 1, Census Tract 29, Cumberland County, North Carolina",460,76,384
15000US370510029002,"Block Group 2, Census Tract 29, Cumberland County, North Carolina",481,33,448
15000US370510029003,"Block Group 3, Census Tract 29, Cumberland County, North Carolina",238,0,238
15000US370510029004,"Block Group 4, Census Tract 29, Cumberland County, North Carolina",399,81,318
15000US370510030011,"Block Group 1, Census Tract 30.01, Cumberland County, North Carolina",1103,125,978
15000US370510030012,"Block Group 2, Census Tract 30.01, Cumberland County, North Carolina",1504,72,1432
15000US370510030013,"Block Group 3, Census Tract 30.01, Cumberland County, North Carolina",1112,149,963
15000US370510030014,"Block Group 4, Census Tract 30.01, Cumberland County, North Carolina",675,74,601
15000US370510030021,"Block Group 1, Census Tract 30.02, Cumberland County, North Carolina",1040,194,846
15000US370510031021,"Block Group 1, Census Tract 31.02, Cumberland County, North Carolina",1517,148,1369
15000US370510031022,"Block Group 2, Census Tract 31.02, Cumberland County, North Carolina",225,42,183
15000US370510031031,"Block Group 1, Census Tract 31.03, Cumberland County, North Carolina",511,95,416
15000US370510031032,"Block Group 2, Census Tract 31.03, Cumberland County, North Carolina",1032,243,789
15000US370510031033,"Block Group 3, Census Tract 31.03, Cumberland County, North Carolina",535,57,478
15000US370510031041,"Block Group 1, Census Tract 31.04, Cumberland County, North Carolina",687,115,572
15000US370510031042,"Block Group 2, Census Tract 31.04, Cumberland County, North Carolina",833,163,670
15000US370510031043,"Block Group 3, Census Tract 31.04, Cumberland County, North Carolina",699,142,557
15000US370510032011,"Block Group 1, Census Tract 32.01, Cumberland County, North Carolina",686,23,663
15000US370510032012,"Block Group 2, Census Tract 32.01, Cumberland County, North Carolina",1188,88,1100
15000US370510032013,"Block Group 3, Census Tract 32.01, Cumberland County, North Carolina",784,22,762
15000US370510032014,"Block Group 4, Census Tract 32.01, Cumberland County, North Carolina",1468,130,1338
15000US370510032031,"Block Group 1, Census Tract 32.03, Cumberland County, North Carolina",695,209,486
15000US370510032032,"Block Group 2, Census Tract 32.03, Cumberland County, North Carolina",400,36,364
15000US370510032033,"Block Group 3, Census Tract 32.03, Cumberland County, North Carolina",1197,97,1100
15000US370510032041,"Block Group 1, Census Tract 32.04, Cumberland County, North Carolina",520,113,407
15000US370510032042,"Block Group 2, Census Tract 32.04, Cumberland County, North Carolina",366,48,318
15000US370510032043,"Block Group 3, Census Tract 32.04, Cumberland County, North Carolina",655,65,590
15000US370510032044,"Block Group 4, Census Tract 32.04, Cumberland County, North Carolina",450,104,346
15000US370510032045,"Block Group 5, Census Tract 32.04, Cumberland County, North Carolina",1111,107,1004
15000US370510032051,"Block Group 1, Census Tract 32.05, Cumberland County, North Carolina",834,77,757
15000US370510032052,"Block Group 2, Census Tract 32.05, Cumberland County, North Carolina",789,27,762
15000US370510032053,"Block Group 3, Census Tract 32.05, Cumberland County, North Carolina",303,71,232
15000US370510033021,"Block Group 1, Census Tract 33.02, Cumberland County, North Carolina",1227,350,877
15000US370510033022,"Block Group 2, Census Tract 33.02, Cumberland County, North Carolina",1510,263,1247
15000US370510033041,"Block Group 1, Census Tract 33.04, Cumberland County, North Carolina",359,26,333
15000US370510033042,"Block Group 2, Census Tract 33.04, Cumberland County, North Carolina",458,115,343
15000US370510033043,"Block Group 3, Census Tract 33.04, Cumberland County, North Carolina",1382,225,1157
15000US370510033044,"Block Group 4, Census Tract 33.04, Cumberland County, North Carolina",301,55,246
15000US370510033045,"Block Group 5, Census Tract 33.04, Cumberland County, North Carolina",410,12,398
15000US370510033046,"Block Group 6, Census Tract 33.04, Cumberland County, North Carolina",215,49,166
15000US370510033051,"Block Group 1, Census Tract 33.05, Cumberland County, North Carolina",1042,181,861
15000US370510033052,"Block Group 2, Census Tract 33.05, Cumberland County, North Carolina",853,136,717
15000US370510033053,"Block Group 3, Census Tract 33.05, Cumberland County, North Carolina",991,203,788
15000US370510033071,"Block Group 1, Census Tract 33.07, Cumberland County, North Carolina",554,125,429
15000US370510033072,"Block Group 2, Census Tract 33.07, Cumberland County, North Carolina",1034,157,877
15000US370510033091,"Block Group 1, Census Tract 33.09, Cumberland County, North Carolina",1135,143,992
15000US370510033092,"Block Group 2, Census Tract 33.09, Cumberland County, North Carolina",684,14,670
15000US370510033093,"Block Group 3, Census Tract 33.09, Cumberland County, North Carolina",851,43,808
15000US370510033101,"Block Group 1, Census Tract 33.10, Cumberland County, North Carolina",462,63,399
15000US370510033102,"Block Group 2, Census Tract 33.10, Cumberland County, North Carolina",286,52,234
15000US370510033103,"Block Group 3, Census Tract 33.10, Cumberland County, North Carolina",552,87,465
15000US370510033104,"Block Group 4, Census Tract 33.10, Cumberland County, North Carolina",662,134,528
15000US370510033111,"Block Group 1, Census Tract 33.11, Cumberland County, North Carolina",1508,215,1293
15000US370510033121,"Block Group 1, Census Tract 33.12, Cumberland County, North Carolina",426,44,382
15000US370510033122,"Block Group 2, Census Tract 33.12, Cumberland County, North Carolina",884,80,804
15000US370510033123,"Block Group 3, Census Tract 33.12, Cumberland County, North Carolina",685,42,643
15000US370510033124,"Block Group 4, Census Tract 33.12, Cumberland County, North Carolina",532,52,480
15000US370510033131,"Block Group 1, Census Tract 33.13, Cumberland County, North Carolina",1535,162,1373
15000US370510033132,"Block Group 2, Census Tract 33.13, Cumberland County, North Carolina",959,91,868
15000US370510033141,"Block Group 1, Census Tract 33.14, Cumberland County, North Carolina",830,225,605
15000US370510033142,"Block Group 2, Census Tract 33.14, Cumberland County, North Carolina",754,66,688
15000US370510033143,"Block Group 3, Census Tract 33.14, Cumberland County, North Carolina",1208,205,1003
15000US370510034011,"Block Group 1, Census Tract 34.01, Cumberland County, North Carolina",0,0,0
15000US370510034012,"Block Group 2, Census Tract 34.01, Cumberland County, North Carolina",860,86,774
15000US370510034021,"Block Group 1, Census Tract 34.02, Cumberland County, North Carolina",0,0,0
15000US370510034022,"Block Group 2, Census Tract 34.02, Cumberland County, North Carolina",0,0,0
15000US370510034031,"Block Group 1, Census Tract 34.03, Cumberland County, North Carolina",201,21,180
15000US370510034032,"Block Group 2, Census Tract 34.03, Cumberland County, North Carolina",780,119,661
15000US370510034041,"Block Group 1, Census Tract 34.04, Cumberland County, North Carolina",0,0,0
15000US370510034042,"Block Group 2, Census Tract 34.04, Cumberland County, North Carolina",0,0,0
15000US370510034051,"Block Group 1, Census Tract 34.05, Cumberland County, North Carolina",644,66,578
15000US370510034061,"Block Group 1, Census Tract 34.06, Cumberland County, North Carolina",340,19,321
15000US370510034071,"Block Group 1, Census Tract 34.07, Cumberland County, North Carolina",25,0,25
15000US370510034072,"Block Group 2, Census Tract 34.07, Cumberland County, North Carolina",0,0,0
15000US370510034081,"Block Group 1, Census Tract 34.08, Cumberland County, North Carolina",1009,68,941
15000US370510034082,"Block Group 2, Census Tract 34.08, Cumberland County, North Carolina",703,54,649
15000US370510035001,"Block Group 1, Census Tract 35, Cumberland County, North Carolina",1197,222,975
15000US370510035002,"Block Group 2, Census Tract 35, Cumberland County, North Carolina",210,54,156
15000US370510035003,"Block Group 3, Census Tract 35, Cumberland County, North Carolina",226,47,179
15000US370510035004,"Block Group 4, Census Tract 35, Cumberland County, North Carolina",420,50,370
15000US370510036001,"Block Group 1, Census Tract 36, Cumberland County, North Carolina",296,97,199
15000US370510036002,"Block Group 2, Census Tract 36, Cumberland County, North Carolina",279,73,206
15000US370510036003,"Block Group 3, Census Tract 36, Cumberland County, North Carolina",613,157,456
15000US370510036004,"Block Group 4, Census Tract 36, Cumberland County, North Carolina",980,174,806
15000US370510037001,"Block Group 1, Census Tract 37, Cumberland County, North Carolina",804,38,766
15000US370510037002,"Block Group 2, Census Tract 37, Cumberland County, North Carolina",587,12,575
15000US370510037003,"Block Group 3, Census Tract 37, Cumberland County, North Carolina",1197,161,1036
15000US370510038001,"Block Group 1, Census Tract 38, Cumberland County, North Carolina",371,198,173
15000US370510038002,"Block Group 2, Census Tract 38, Cumberland County, North Carolina",188,32,156
15000US370510038003,"Block Group 3, Census Tract 38, Cumberland County, North Carolina",304,78,226
15000US370519801001,"Block Group 1, Census Tract 9801, Cumberland County, North Carolina",0,0,0
15000US370519802001,"Block Group 1, Census Tract 9802, Cumberland County, North Carolina",0,0,0
15000US370531101011,"Block Group 1, Census Tract 1101.01, Currituck County, North Carolina",275,18,257
15000US370531101012,"Block Group 2, Census Tract 1101.01, Currituck County, North Carolina",192,0,192
15000US370531101021,"Block Group 1, Census Tract 1101.02, Currituck County, North Carolina",626,35,591
15000US370531102001,"Block Group 1, Census Tract 1102, Currituck County, North Carolina",904,122,782
15000US370531102002,"Block Group 2, Census Tract 1102, Currituck County, North Carolina",2063,65,1998
15000US370531103011,"Block Group 1, Census Tract 1103.01, Currituck County, North Carolina",705,51,654
15000US370531103012,"Block Group 2, Census Tract 1103.01, Currituck County, North Carolina",1139,116,1023
15000US370531103021,"Block Group 1, Census Tract 1103.02, Currituck County, North Carolina",815,46,769
15000US370531103022,"Block Group 2, Census Tract 1103.02, Currituck County, North Carolina",583,66,517
15000US370531104011,"Block Group 1, Census Tract 1104.01, Currituck County, North Carolina",864,155,709
15000US370531104012,"Block Group 2, Census Tract 1104.01, Currituck County, North Carolina",663,41,622
15000US370531104020,"Block Group 0, Census Tract 1104.02, Currituck County, North Carolina",0,0,0
15000US370531104021,"Block Group 1, Census Tract 1104.02, Currituck County, North Carolina",929,96,833
15000US370531104022,"Block Group 2, Census Tract 1104.02, Currituck County, North Carolina",764,182,582
15000US370539901000,"Block Group 0, Census Tract 9901, Currituck County, North Carolina",0,0,0
15000US370559701011,"Block Group 1, Census Tract 9701.01, Dare County, North Carolina",594,26,568
15000US370559701012,"Block Group 2, Census Tract 9701.01, Dare County, North Carolina",1203,29,1174
15000US370559701020,"Block Group 0, Census Tract 9701.02, Dare County, North Carolina",0,0,0
15000US370559701021,"Block Group 1, Census Tract 9701.02, Dare County, North Carolina",677,13,664
15000US370559701022,"Block Group 2, Census Tract 9701.02, Dare County, North Carolina",836,29,807
15000US370559702001,"Block Group 1, Census Tract 9702, Dare County, North Carolina",617,54,563
15000US370559702002,"Block Group 2, Census Tract 9702, Dare County, North Carolina",448,23,425
15000US370559702003,"Block Group 3, Census Tract 9702, Dare County, North Carolina",678,14,664
15000US370559702004,"Block Group 4, Census Tract 9702, Dare County, North Carolina",390,63,327
15000US370559703000,"Block Group 0, Census Tract 9703, Dare County, North Carolina",0,0,0
15000US370559703001,"Block Group 1, Census Tract 9703, Dare County, North Carolina",834,87,747
15000US370559703002,"Block Group 2, Census Tract 9703, Dare County, North Carolina",662,127,535
15000US370559703003,"Block Group 3, Census Tract 9703, Dare County, North Carolina",970,76,894
15000US370559703004,"Block Group 4, Census Tract 9703, Dare County, North Carolina",365,68,297
15000US370559704000,"Block Group 0, Census Tract 9704, Dare County, North Carolina",0,0,0
15000US370559704001,"Block Group 1, Census Tract 9704, Dare County, North Carolina",440,53,387
15000US370559704002,"Block Group 2, Census Tract 9704, Dare County, North Carolina",714,40,674
15000US370559704003,"Block Group 3, Census Tract 9704, Dare County, North Carolina",158,0,158
15000US370559705010,"Block Group 0, Census Tract 9705.01, Dare County, North Carolina",0,0,0
15000US370559705011,"Block Group 1, Census Tract 9705.01, Dare County, North Carolina",457,14,443
15000US370559705021,"Block Group 1, Census Tract 9705.02, Dare County, North Carolina",476,53,423
15000US370559705022,"Block Group 2, Census Tract 9705.02, Dare County, North Carolina",987,252,735
15000US370559705023,"Block Group 3, Census Tract 9705.02, Dare County, North Carolina",242,7,235
15000US370559706010,"Block Group 0, Census Tract 9706.01, Dare County, North Carolina",0,0,0
15000US370559706011,"Block Group 1, Census Tract 9706.01, Dare County, North Carolina",681,16,665
15000US370559706012,"Block Group 2, Census Tract 9706.01, Dare County, North Carolina",505,72,433
15000US370559706013,"Block Group 3, Census Tract 9706.01, Dare County, North Carolina",981,142,839
15000US370559706014,"Block Group 4, Census Tract 9706.01, Dare County, North Carolina",856,23,833
15000US370559706020,"Block Group 0, Census Tract 9706.02, Dare County, North Carolina",0,0,0
15000US370559706021,"Block Group 1, Census Tract 9706.02, Dare County, North Carolina",758,47,711
15000US370559901000,"Block Group 0, Census Tract 9901, Dare County, North Carolina",0,0,0
15000US370559902000,"Block Group 0, Census Tract 9902, Dare County, North Carolina",0,0,0
15000US370570601011,"Block Group 1, Census Tract 601.01, Davidson County, North Carolina",1845,72,1773
15000US370570601012,"Block Group 2, Census Tract 601.01, Davidson County, North Carolina",504,105,399
15000US370570601021,"Block Group 1, Census Tract 601.02, Davidson County, North Carolina",690,51,639
15000US370570601022,"Block Group 2, Census Tract 601.02, Davidson County, North Carolina",1216,113,1103
15000US370570601023,"Block Group 3, Census Tract 601.02, Davidson County, North Carolina",740,68,672
15000US370570601024,"Block Group 4, Census Tract 601.02, Davidson County, North Carolina",362,0,362
15000US370570602011,"Block Group 1, Census Tract 602.01, Davidson County, North Carolina",465,9,456
15000US370570602012,"Block Group 2, Census Tract 602.01, Davidson County, North Carolina",657,44,613
15000US370570602013,"Block Group 3, Census Tract 602.01, Davidson County, North Carolina",649,55,594
15000US370570602014,"Block Group 4, Census Tract 602.01, Davidson County, North Carolina",237,10,227
15000US370570602021,"Block Group 1, Census Tract 602.02, Davidson County, North Carolina",956,97,859
15000US370570602031,"Block Group 1, Census Tract 602.03, Davidson County, North Carolina",740,30,710
15000US370570602032,"Block Group 2, Census Tract 602.03, Davidson County, North Carolina",778,99,679
15000US370570602033,"Block Group 3, Census Tract 602.03, Davidson County, North Carolina",902,102,800
15000US370570603011,"Block Group 1, Census Tract 603.01, Davidson County, North Carolina",1353,195,1158
15000US370570603012,"Block Group 2, Census Tract 603.01, Davidson County, North Carolina",681,85,596
15000US370570603021,"Block Group 1, Census Tract 603.02, Davidson County, North Carolina",1245,112,1133
15000US370570603022,"Block Group 2, Census Tract 603.02, Davidson County, North Carolina",419,47,372
15000US370570603031,"Block Group 1, Census Tract 603.03, Davidson County, North Carolina",898,64,834
15000US370570603032,"Block Group 2, Census Tract 603.03, Davidson County, North Carolina",821,83,738
15000US370570603041,"Block Group 1, Census Tract 603.04, Davidson County, North Carolina",996,154,842
15000US370570603042,"Block Group 2, Census Tract 603.04, Davidson County, North Carolina",323,7,316
15000US370570604001,"Block Group 1, Census Tract 604, Davidson County, North Carolina",754,78,676
15000US370570604002,"Block Group 2, Census Tract 604, Davidson County, North Carolina",773,135,638
15000US370570604003,"Block Group 3, Census Tract 604, Davidson County, North Carolina",750,118,632
15000US370570605001,"Block Group 1, Census Tract 605, Davidson County, North Carolina",589,41,548
15000US370570605002,"Block Group 2, Census Tract 605, Davidson County, North Carolina",697,110,587
15000US370570605003,"Block Group 3, Census Tract 605, Davidson County, North Carolina",259,84,175
15000US370570605004,"Block Group 4, Census Tract 605, Davidson County, North Carolina",815,179,636
15000US370570606011,"Block Group 1, Census Tract 606.01, Davidson County, North Carolina",948,123,825
15000US370570606012,"Block Group 2, Census Tract 606.01, Davidson County, North Carolina",668,8,660
15000US370570606021,"Block Group 1, Census Tract 606.02, Davidson County, North Carolina",606,59,547
15000US370570606022,"Block Group 2, Census Tract 606.02, Davidson County, North Carolina",476,32,444
15000US370570607001,"Block Group 1, Census Tract 607, Davidson County, North Carolina",807,107,700
15000US370570607002,"Block Group 2, Census Tract 607, Davidson County, North Carolina",364,125,239
15000US370570607003,"Block Group 3, Census Tract 607, Davidson County, North Carolina",464,45,419
15000US370570607004,"Block Group 4, Census Tract 607, Davidson County, North Carolina",584,130,454
15000US370570608001,"Block Group 1, Census Tract 608, Davidson County, North Carolina",671,300,371
15000US370570608002,"Block Group 2, Census Tract 608, Davidson County, North Carolina",263,52,211
15000US370570608003,"Block Group 3, Census Tract 608, Davidson County, North Carolina",768,74,694
15000US370570609001,"Block Group 1, Census Tract 609, Davidson County, North Carolina",324,75,249
15000US370570609002,"Block Group 2, Census Tract 609, Davidson County, North Carolina",720,121,599
15000US370570609003,"Block Group 3, Census Tract 609, Davidson County, North Carolina",419,0,419
15000US370570609004,"Block Group 4, Census Tract 609, Davidson County, North Carolina",216,41,175
15000US370570609005,"Block Group 5, Census Tract 609, Davidson County, North Carolina",421,0,421
15000US370570610001,"Block Group 1, Census Tract 610, Davidson County, North Carolina",1369,355,1014
15000US370570610002,"Block Group 2, Census Tract 610, Davidson County, North Carolina",393,11,382
15000US370570610003,"Block Group 3, Census Tract 610, Davidson County, North Carolina",468,84,384
15000US370570611001,"Block Group 1, Census Tract 611, Davidson County, North Carolina",288,29,259
15000US370570611002,"Block Group 2, Census Tract 611, Davidson County, North Carolina",842,123,719
15000US370570611003,"Block Group 3, Census Tract 611, Davidson County, North Carolina",303,45,258
15000US370570611004,"Block Group 4, Census Tract 611, Davidson County, North Carolina",645,64,581
15000US370570611005,"Block Group 5, Census Tract 611, Davidson County, North Carolina",827,134,693
15000US370570612011,"Block Group 1, Census Tract 612.01, Davidson County, North Carolina",737,129,608
15000US370570612012,"Block Group 2, Census Tract 612.01, Davidson County, North Carolina",545,132,413
15000US370570612013,"Block Group 3, Census Tract 612.01, Davidson County, North Carolina",998,155,843
15000US370570612014,"Block Group 4, Census Tract 612.01, Davidson County, North Carolina",214,186,28
15000US370570612021,"Block Group 1, Census Tract 612.02, Davidson County, North Carolina",648,33,615
15000US370570612022,"Block Group 2, Census Tract 612.02, Davidson County, North Carolina",568,34,534
15000US370570613001,"Block Group 1, Census Tract 613, Davidson County, North Carolina",461,110,351
15000US370570613002,"Block Group 2, Census Tract 613, Davidson County, North Carolina",386,150,236
15000US370570614001,"Block Group 1, Census Tract 614, Davidson County, North Carolina",286,98,188
15000US370570614002,"Block Group 2, Census Tract 614, Davidson County, North Carolina",356,129,227
15000US370570614003,"Block Group 3, Census Tract 614, Davidson County, North Carolina",376,156,220
15000US370570614004,"Block Group 4, Census Tract 614, Davidson County, North Carolina",76,11,65
15000US370570615001,"Block Group 1, Census Tract 615, Davidson County, North Carolina",397,108,289
15000US370570615002,"Block Group 2, Census Tract 615, Davidson County, North Carolina",605,174,431
15000US370570615003,"Block Group 3, Census Tract 615, Davidson County, North Carolina",1000,258,742
15000US370570615004,"Block Group 4, Census Tract 615, Davidson County, North Carolina",574,185,389
15000US370570616001,"Block Group 1, Census Tract 616, Davidson County, North Carolina",188,51,137
15000US370570616002,"Block Group 2, Census Tract 616, Davidson County, North Carolina",387,103,284
15000US370570616003,"Block Group 3, Census Tract 616, Davidson County, North Carolina",517,147,370
15000US370570617011,"Block Group 1, Census Tract 617.01, Davidson County, North Carolina",799,24,775
15000US370570617012,"Block Group 2, Census Tract 617.01, Davidson County, North Carolina",781,114,667
15000US370570617013,"Block Group 3, Census Tract 617.01, Davidson County, North Carolina",338,65,273
15000US370570617021,"Block Group 1, Census Tract 617.02, Davidson County, North Carolina",527,67,460
15000US370570617022,"Block Group 2, Census Tract 617.02, Davidson County, North Carolina",653,95,558
15000US370570617023,"Block Group 3, Census Tract 617.02, Davidson County, North Carolina",716,109,607
15000US370570617024,"Block Group 4, Census Tract 617.02, Davidson County, North Carolina",903,284,619
15000US370570617031,"Block Group 1, Census Tract 617.03, Davidson County, North Carolina",317,72,245
15000US370570617032,"Block Group 2, Census Tract 617.03, Davidson County, North Carolina",737,147,590
15000US370570617033,"Block Group 3, Census Tract 617.03, Davidson County, North Carolina",563,81,482
15000US370570618021,"Block Group 1, Census Tract 618.02, Davidson County, North Carolina",741,90,651
15000US370570618022,"Block Group 2, Census Tract 618.02, Davidson County, North Carolina",817,46,771
15000US370570618023,"Block Group 3, Census Tract 618.02, Davidson County, North Carolina",539,0,539
15000US370570618024,"Block Group 4, Census Tract 618.02, Davidson County, North Carolina",816,37,779
15000US370570618031,"Block Group 1, Census Tract 618.03, Davidson County, North Carolina",292,43,249
15000US370570618032,"Block Group 2, Census Tract 618.03, Davidson County, North Carolina",331,41,290
15000US370570618033,"Block Group 3, Census Tract 618.03, Davidson County, North Carolina",296,18,278
15000US370570618034,"Block Group 4, Census Tract 618.03, Davidson County, North Carolina",422,73,349
15000US370570618041,"Block Group 1, Census Tract 618.04, Davidson County, North Carolina",560,105,455
15000US370570618042,"Block Group 2, Census Tract 618.04, Davidson County, North Carolina",564,76,488
15000US370570618043,"Block Group 3, Census Tract 618.04, Davidson County, North Carolina",452,32,420
15000US370570618044,"Block Group 4, Census Tract 618.04, Davidson County, North Carolina",627,58,569
15000US370570618045,"Block Group 5, Census Tract 618.04, Davidson County, North Carolina",577,188,389
15000US370570619011,"Block Group 1, Census Tract 619.01, Davidson County, North Carolina",928,61,867
15000US370570619012,"Block Group 2, Census Tract 619.01, Davidson County, North Carolina",824,0,824
15000US370570619013,"Block Group 3, Census Tract 619.01, Davidson County, North Carolina",533,153,380
15000US370570619021,"Block Group 1, Census Tract 619.02, Davidson County, North Carolina",626,35,591
15000US370570619022,"Block Group 2, Census Tract 619.02, Davidson County, North Carolina",796,112,684
15000US370570619023,"Block Group 3, Census Tract 619.02, Davidson County, North Carolina",758,150,608
15000US370570620011,"Block Group 1, Census Tract 620.01, Davidson County, North Carolina",590,112,478
15000US370570620012,"Block Group 2, Census Tract 620.01, Davidson County, North Carolina",594,115,479
15000US370570620013,"Block Group 3, Census Tract 620.01, Davidson County, North Carolina",789,83,706
15000US370570620021,"Block Group 1, Census Tract 620.02, Davidson County, North Carolina",291,85,206
15000US370570620022,"Block Group 2, Census Tract 620.02, Davidson County, North Carolina",342,91,251
15000US370570620023,"Block Group 3, Census Tract 620.02, Davidson County, North Carolina",193,22,171
15000US370570620024,"Block Group 4, Census Tract 620.02, Davidson County, North Carolina",734,64,670
15000US370590801001,"Block Group 1, Census Tract 801, Davie County, North Carolina",1063,167,896
15000US370590801002,"Block Group 2, Census Tract 801, Davie County, North Carolina",749,72,677
15000US370590801003,"Block Group 3, Census Tract 801, Davie County, North Carolina",582,92,490
15000US370590801004,"Block Group 4, Census Tract 801, Davie County, North Carolina",566,56,510
15000US370590802001,"Block Group 1, Census Tract 802, Davie County, North Carolina",958,52,906
15000US370590802002,"Block Group 2, Census Tract 802, Davie County, North Carolina",461,51,410
15000US370590802003,"Block Group 3, Census Tract 802, Davie County, North Carolina",469,31,438
15000US370590802004,"Block Group 4, Census Tract 802, Davie County, North Carolina",421,0,421
15000US370590803001,"Block Group 1, Census Tract 803, Davie County, North Carolina",881,18,863
15000US370590803002,"Block Group 2, Census Tract 803, Davie County, North Carolina",1174,15,1159
15000US370590803003,"Block Group 3, Census Tract 803, Davie County, North Carolina",904,185,719
15000US370590803004,"Block Group 4, Census Tract 803, Davie County, North Carolina",500,82,418
15000US370590804001,"Block Group 1, Census Tract 804, Davie County, North Carolina",1257,120,1137
15000US370590804002,"Block Group 2, Census Tract 804, Davie County, North Carolina",469,0,469
15000US370590804003,"Block Group 3, Census Tract 804, Davie County, North Carolina",336,0,336
15000US370590805001,"Block Group 1, Census Tract 805, Davie County, North Carolina",569,91,478
15000US370590805002,"Block Group 2, Census Tract 805, Davie County, North Carolina",603,95,508
15000US370590805003,"Block Group 3, Census Tract 805, Davie County, North Carolina",490,60,430
15000US370590806001,"Block Group 1, Census Tract 806, Davie County, North Carolina",309,53,256
15000US370590806002,"Block Group 2, Census Tract 806, Davie County, North Carolina",449,27,422
15000US370590806003,"Block Group 3, Census Tract 806, Davie County, North Carolina",810,166,644
15000US370590807001,"Block Group 1, Census Tract 807, Davie County, North Carolina",512,96,416
15000US370590807002,"Block Group 2, Census Tract 807, Davie County, North Carolina",518,169,349
15000US370590807003,"Block Group 3, Census Tract 807, Davie County, North Carolina",502,31,471
15000US370590807004,"Block Group 4, Census Tract 807, Davie County, North Carolina",853,137,716
15000US370610901001,"Block Group 1, Census Tract 901, Duplin County, North Carolina",1406,376,1030
15000US370610901002,"Block Group 2, Census Tract 901, Duplin County, North Carolina",740,239,501
15000US370610901003,"Block Group 3, Census Tract 901, Duplin County, North Carolina",552,241,311
15000US370610901004,"Block Group 4, Census Tract 901, Duplin County, North Carolina",564,103,461
15000US370610902001,"Block Group 1, Census Tract 902, Duplin County, North Carolina",494,69,425
15000US370610902002,"Block Group 2, Census Tract 902, Duplin County, North Carolina",458,65,393
15000US370610902003,"Block Group 3, Census Tract 902, Duplin County, North Carolina",564,112,452
15000US370610903001,"Block Group 1, Census Tract 903, Duplin County, North Carolina",604,122,482
15000US370610903002,"Block Group 2, Census Tract 903, Duplin County, North Carolina",676,61,615
15000US370610903003,"Block Group 3, Census Tract 903, Duplin County, North Carolina",497,77,420
15000US370610903004,"Block Group 4, Census Tract 903, Duplin County, North Carolina",372,52,320
15000US370610904001,"Block Group 1, Census Tract 904, Duplin County, North Carolina",688,67,621
15000US370610904002,"Block Group 2, Census Tract 904, Duplin County, North Carolina",401,97,304
15000US370610904003,"Block Group 3, Census Tract 904, Duplin County, North Carolina",530,97,433
15000US370610904004,"Block Group 4, Census Tract 904, Duplin County, North Carolina",533,137,396
15000US370610905011,"Block Group 1, Census Tract 905.01, Duplin County, North Carolina",634,0,634
15000US370610905012,"Block Group 2, Census Tract 905.01, Duplin County, North Carolina",793,125,668
15000US370610905013,"Block Group 3, Census Tract 905.01, Duplin County, North Carolina",548,56,492
15000US370610905021,"Block Group 1, Census Tract 905.02, Duplin County, North Carolina",567,34,533
15000US370610905022,"Block Group 2, Census Tract 905.02, Duplin County, North Carolina",744,103,641
15000US370610905023,"Block Group 3, Census Tract 905.02, Duplin County, North Carolina",429,68,361
15000US370610906001,"Block Group 1, Census Tract 906, Duplin County, North Carolina",600,87,513
15000US370610906002,"Block Group 2, Census Tract 906, Duplin County, North Carolina",403,55,348
15000US370610906003,"Block Group 3, Census Tract 906, Duplin County, North Carolina",487,72,415
15000US370610907011,"Block Group 1, Census Tract 907.01, Duplin County, North Carolina",681,155,526
15000US370610907012,"Block Group 2, Census Tract 907.01, Duplin County, North Carolina",900,101,799
15000US370610907021,"Block Group 1, Census Tract 907.02, Duplin County, North Carolina",863,240,623
15000US370610907022,"Block Group 2, Census Tract 907.02, Duplin County, North Carolina",878,56,822
15000US370610907023,"Block Group 3, Census Tract 907.02, Duplin County, North Carolina",937,258,679
15000US370610908011,"Block Group 1, Census Tract 908.01, Duplin County, North Carolina",435,133,302
15000US370610908012,"Block Group 2, Census Tract 908.01, Duplin County, North Carolina",490,136,354
15000US370610908021,"Block Group 1, Census Tract 908.02, Duplin County, North Carolina",621,38,583
15000US370610908022,"Block Group 2, Census Tract 908.02, Duplin County, North Carolina",627,221,406
15000US370610908023,"Block Group 3, Census Tract 908.02, Duplin County, North Carolina",750,147,603
15000US370630001011,"Block Group 1, Census Tract 1.01, Durham County, North Carolina",479,55,424
15000US370630001012,"Block Group 2, Census Tract 1.01, Durham County, North Carolina",825,173,652
15000US370630001021,"Block Group 1, Census Tract 1.02, Durham County, North Carolina",1047,241,806
15000US370630001022,"Block Group 2, Census Tract 1.02, Durham County, North Carolina",771,93,678
15000US370630002001,"Block Group 1, Census Tract 2, Durham County, North Carolina",349,62,287
15000US370630002002,"Block Group 2, Census Tract 2, Durham County, North Carolina",410,60,350
15000US370630002003,"Block Group 3, Census Tract 2, Durham County, North Carolina",447,6,441
15000US370630003011,"Block Group 1, Census Tract 3.01, Durham County, North Carolina",546,143,403
15000US370630003012,"Block Group 2, Census Tract 3.01, Durham County, North Carolina",255,45,210
15000US370630003013,"Block Group 3, Census Tract 3.01, Durham County, North Carolina",332,16,316
15000US370630003021,"Block Group 1, Census Tract 3.02, Durham County, North Carolina",403,20,383
15000US370630003022,"Block Group 2, Census Tract 3.02, Durham County, North Carolina",527,33,494
15000US370630003023,"Block Group 3, Census Tract 3.02, Durham County, North Carolina",643,139,504
15000US370630004011,"Block Group 1, Census Tract 4.01, Durham County, North Carolina",454,6,448
15000US370630004012,"Block Group 2, Census Tract 4.01, Durham County, North Carolina",413,16,397
15000US370630004013,"Block Group 3, Census Tract 4.01, Durham County, North Carolina",358,17,341
15000US370630004021,"Block Group 1, Census Tract 4.02, Durham County, North Carolina",1374,247,1127
15000US370630005001,"Block Group 1, Census Tract 5, Durham County, North Carolina",135,92,43
15000US370630005002,"Block Group 2, Census Tract 5, Durham County, North Carolina",305,45,260
15000US370630005003,"Block Group 3, Census Tract 5, Durham County, North Carolina",533,127,406
15000US370630005004,"Block Group 4, Census Tract 5, Durham County, North Carolina",594,271,323
15000US370630006001,"Block Group 1, Census Tract 6, Durham County, North Carolina",1223,67,1156
15000US370630006002,"Block Group 2, Census Tract 6, Durham County, North Carolina",796,103,693
15000US370630006003,"Block Group 3, Census Tract 6, Durham County, North Carolina",235,0,235
15000US370630007001,"Block Group 1, Census Tract 7, Durham County, North Carolina",840,218,622
15000US370630007002,"Block Group 2, Census Tract 7, Durham County, North Carolina",536,35,501
15000US370630007003,"Block Group 3, Census Tract 7, Durham County, North Carolina",497,18,479
15000US370630009001,"Block Group 1, Census Tract 9, Durham County, North Carolina",350,92,258
15000US370630009002,"Block Group 2, Census Tract 9, Durham County, North Carolina",292,106,186
15000US370630010011,"Block Group 1, Census Tract 10.01, Durham County, North Carolina",359,97,262
15000US370630010012,"Block Group 2, Census Tract 10.01, Durham County, North Carolina",515,175,340
15000US370630010013,"Block Group 3, Census Tract 10.01, Durham County, North Carolina",486,143,343
15000US370630010021,"Block Group 1, Census Tract 10.02, Durham County, North Carolina",989,600,389
15000US370630010022,"Block Group 2, Census Tract 10.02, Durham County, North Carolina",368,189,179
15000US370630010023,"Block Group 3, Census Tract 10.02, Durham County, North Carolina",355,89,266
15000US370630010024,"Block Group 4, Census Tract 10.02, Durham County, North Carolina",530,245,285
15000US370630011001,"Block Group 1, Census Tract 11, Durham County, North Carolina",717,209,508
15000US370630011002,"Block Group 2, Census Tract 11, Durham County, North Carolina",629,266,363
15000US370630013011,"Block Group 1, Census Tract 13.01, Durham County, North Carolina",543,131,412
15000US370630013031,"Block Group 1, Census Tract 13.03, Durham County, North Carolina",450,144,306
15000US370630013032,"Block Group 2, Census Tract 13.03, Durham County, North Carolina",261,34,227
15000US370630013041,"Block Group 1, Census Tract 13.04, Durham County, North Carolina",1188,364,824
15000US370630014001,"Block Group 1, Census Tract 14, Durham County, North Carolina",170,19,151
15000US370630014002,"Block Group 2, Census Tract 14, Durham County, North Carolina",657,310,347
15000US370630015011,"Block Group 1, Census Tract 15.01, Durham County, North Carolina",17,9,8
15000US370630015021,"Block Group 1, Census Tract 15.02, Durham County, North Carolina",1203,441,762
15000US370630015022,"Block Group 2, Census Tract 15.02, Durham County, North Carolina",552,257,295
15000US370630015023,"Block Group 3, Census Tract 15.02, Durham County, North Carolina",1050,374,676
15000US370630015024,"Block Group 4, Census Tract 15.02, Durham County, North Carolina",185,128,57
15000US370630015031,"Block Group 1, Census Tract 15.03, Durham County, North Carolina",0,0,0
15000US370630016011,"Block Group 1, Census Tract 16.01, Durham County, North Carolina",496,32,464
15000US370630016012,"Block Group 2, Census Tract 16.01, Durham County, North Carolina",1306,155,1151
15000US370630016013,"Block Group 3, Census Tract 16.01, Durham County, North Carolina",557,30,527
15000US370630016031,"Block Group 1, Census Tract 16.03, Durham County, North Carolina",231,0,231
15000US370630016032,"Block Group 2, Census Tract 16.03, Durham County, North Carolina",1244,67,1177
15000US370630016033,"Block Group 3, Census Tract 16.03, Durham County, North Carolina",493,14,479
15000US370630016034,"Block Group 4, Census Tract 16.03, Durham County, North Carolina",744,0,744
15000US370630016041,"Block Group 1, Census Tract 16.04, Durham County, North Carolina",827,31,796
15000US370630016042,"Block Group 2, Census Tract 16.04, Durham County, North Carolina",1166,32,1134
15000US370630016043,"Block Group 3, Census Tract 16.04, Durham County, North Carolina",663,124,539
15000US370630017051,"Block Group 1, Census Tract 17.05, Durham County, North Carolina",736,69,667
15000US370630017052,"Block Group 2, Census Tract 17.05, Durham County, North Carolina",896,53,843
15000US370630017053,"Block Group 3, Census Tract 17.05, Durham County, North Carolina",643,110,533
15000US370630017061,"Block Group 1, Census Tract 17.06, Durham County, North Carolina",1448,223,1225
15000US370630017062,"Block Group 2, Census Tract 17.06, Durham County, North Carolina",1003,33,970
15000US370630017071,"Block Group 1, Census Tract 17.07, Durham County, North Carolina",395,0,395
15000US370630017072,"Block Group 2, Census Tract 17.07, Durham County, North Carolina",729,0,729
15000US370630017073,"Block Group 3, Census Tract 17.07, Durham County, North Carolina",211,0,211
15000US370630017074,"Block Group 4, Census Tract 17.07, Durham County, North Carolina",873,64,809
15000US370630017075,"Block Group 5, Census Tract 17.07, Durham County, North Carolina",837,100,737
15000US370630017081,"Block Group 1, Census Tract 17.08, Durham County, North Carolina",1791,220,1571
15000US370630017091,"Block Group 1, Census Tract 17.09, Durham County, North Carolina",425,89,336
15000US370630017092,"Block Group 2, Census Tract 17.09, Durham County, North Carolina",418,85,333
15000US370630017093,"Block Group 3, Census Tract 17.09, Durham County, North Carolina",2143,609,1534
15000US370630017101,"Block Group 1, Census Tract 17.10, Durham County, North Carolina",1192,149,1043
15000US370630017102,"Block Group 2, Census Tract 17.10, Durham County, North Carolina",594,119,475
15000US370630017111,"Block Group 1, Census Tract 17.11, Durham County, North Carolina",539,52,487
15000US370630017112,"Block Group 2, Census Tract 17.11, Durham County, North Carolina",869,148,721
15000US370630017113,"Block Group 3, Census Tract 17.11, Durham County, North Carolina",850,93,757
15000US370630018011,"Block Group 1, Census Tract 18.01, Durham County, North Carolina",655,32,623
15000US370630018012,"Block Group 2, Census Tract 18.01, Durham County, North Carolina",400,40,360
15000US370630018013,"Block Group 3, Census Tract 18.01, Durham County, North Carolina",999,220,779
15000US370630018014,"Block Group 4, Census Tract 18.01, Durham County, North Carolina",630,144,486
15000US370630018015,"Block Group 5, Census Tract 18.01, Durham County, North Carolina",156,16,140
15000US370630018021,"Block Group 1, Census Tract 18.02, Durham County, North Carolina",811,115,696
15000US370630018022,"Block Group 2, Census Tract 18.02, Durham County, North Carolina",723,303,420
15000US370630018023,"Block Group 3, Census Tract 18.02, Durham County, North Carolina",814,124,690
15000US370630018024,"Block Group 4, Census Tract 18.02, Durham County, North Carolina",299,22,277
15000US370630018061,"Block Group 1, Census Tract 18.06, Durham County, North Carolina",600,156,444
15000US370630018062,"Block Group 2, Census Tract 18.06, Durham County, North Carolina",1879,105,1774
15000US370630018071,"Block Group 1, Census Tract 18.07, Durham County, North Carolina",1156,129,1027
15000US370630018072,"Block Group 2, Census Tract 18.07, Durham County, North Carolina",1367,50,1317
15000US370630018073,"Block Group 3, Census Tract 18.07, Durham County, North Carolina",1055,100,955
15000US370630018081,"Block Group 1, Census Tract 18.08, Durham County, North Carolina",791,22,769
15000US370630018082,"Block Group 2, Census Tract 18.08, Durham County, North Carolina",3185,66,3119
15000US370630018091,"Block Group 1, Census Tract 18.09, Durham County, North Carolina",1873,196,1677
15000US370630018092,"Block Group 2, Census Tract 18.09, Durham County, North Carolina",884,74,810
15000US370630019001,"Block Group 1, Census Tract 19, Durham County, North Carolina",997,22,975
15000US370630019002,"Block Group 2, Census Tract 19, Durham County, North Carolina",1206,86,1120
15000US370630020071,"Block Group 1, Census Tract 20.07, Durham County, North Carolina",875,44,831
15000US370630020072,"Block Group 2, Census Tract 20.07, Durham County, North Carolina",1111,100,1011
15000US370630020073,"Block Group 3, Census Tract 20.07, Durham County, North Carolina",317,0,317
15000US370630020081,"Block Group 1, Census Tract 20.08, Durham County, North Carolina",380,0,380
15000US370630020082,"Block Group 2, Census Tract 20.08, Durham County, North Carolina",814,0,814
15000US370630020091,"Block Group 1, Census Tract 20.09, Durham County, North Carolina",731,143,588
15000US370630020092,"Block Group 2, Census Tract 20.09, Durham County, North Carolina",579,177,402
15000US370630020093,"Block Group 3, Census Tract 20.09, Durham County, North Carolina",650,208,442
15000US370630020131,"Block Group 1, Census Tract 20.13, Durham County, North Carolina",623,44,579
15000US370630020132,"Block Group 2, Census Tract 20.13, Durham County, North Carolina",421,23,398
15000US370630020133,"Block Group 3, Census Tract 20.13, Durham County, North Carolina",854,26,828
15000US370630020151,"Block Group 1, Census Tract 20.15, Durham County, North Carolina",1283,267,1016
15000US370630020152,"Block Group 2, Census Tract 20.15, Durham County, North Carolina",783,98,685
15000US370630020153,"Block Group 3, Census Tract 20.15, Durham County, North Carolina",405,40,365
15000US370630020161,"Block Group 1, Census Tract 20.16, Durham County, North Carolina",1258,218,1040
15000US370630020162,"Block Group 2, Census Tract 20.16, Durham County, North Carolina",1049,279,770
15000US370630020171,"Block Group 1, Census Tract 20.17, Durham County, North Carolina",858,13,845
15000US370630020172,"Block Group 2, Census Tract 20.17, Durham County, North Carolina",722,35,687
15000US370630020173,"Block Group 3, Census Tract 20.17, Durham County, North Carolina",1824,222,1602
15000US370630020181,"Block Group 1, Census Tract 20.18, Durham County, North Carolina",1530,195,1335
15000US370630020182,"Block Group 2, Census Tract 20.18, Durham County, North Carolina",1744,240,1504
15000US370630020183,"Block Group 3, Census Tract 20.18, Durham County, North Carolina",1416,15,1401
15000US370630020191,"Block Group 1, Census Tract 20.19, Durham County, North Carolina",898,36,862
15000US370630020192,"Block Group 2, Census Tract 20.19, Durham County, North Carolina",997,114,883
15000US370630020193,"Block Group 3, Census Tract 20.19, Durham County, North Carolina",799,69,730
15000US370630020201,"Block Group 1, Census Tract 20.20, Durham County, North Carolina",840,0,840
15000US370630020202,"Block Group 2, Census Tract 20.20, Durham County, North Carolina",1794,0,1794
15000US370630020211,"Block Group 1, Census Tract 20.21, Durham County, North Carolina",1580,148,1432
15000US370630020212,"Block Group 2, Census Tract 20.21, Durham County, North Carolina",543,92,451
15000US370630020221,"Block Group 1, Census Tract 20.22, Durham County, North Carolina",1239,71,1168
15000US370630020222,"Block Group 2, Census Tract 20.22, Durham County, North Carolina",1213,136,1077
15000US370630020231,"Block Group 1, Census Tract 20.23, Durham County, North Carolina",669,0,669
15000US370630020232,"Block Group 2, Census Tract 20.23, Durham County, North Carolina",709,47,662
15000US370630020241,"Block Group 1, Census Tract 20.24, Durham County, North Carolina",1725,93,1632
15000US370630020242,"Block Group 2, Census Tract 20.24, Durham County, North Carolina",655,32,623
15000US370630020243,"Block Group 3, Census Tract 20.24, Durham County, North Carolina",687,114,573
15000US370630020251,"Block Group 1, Census Tract 20.25, Durham County, North Carolina",906,31,875
15000US370630020252,"Block Group 2, Census Tract 20.25, Durham County, North Carolina",1084,149,935
15000US370630020253,"Block Group 3, Census Tract 20.25, Durham County, North Carolina",528,39,489
15000US370630020261,"Block Group 1, Census Tract 20.26, Durham County, North Carolina",1299,160,1139
15000US370630020262,"Block Group 2, Census Tract 20.26, Durham County, North Carolina",1536,202,1334
15000US370630020271,"Block Group 1, Census Tract 20.27, Durham County, North Carolina",867,63,804
15000US370630020272,"Block Group 2, Census Tract 20.27, Durham County, North Carolina",2529,300,2229
15000US370630020273,"Block Group 3, Census Tract 20.27, Durham County, North Carolina",1372,147,1225
15000US370630020281,"Block Group 1, Census Tract 20.28, Durham County, North Carolina",1308,12,1296
15000US370630020282,"Block Group 2, Census Tract 20.28, Durham County, North Carolina",1167,143,1024
15000US370630020283,"Block Group 3, Census Tract 20.28, Durham County, North Carolina",2696,58,2638
15000US370630021001,"Block Group 1, Census Tract 21, Durham County, North Carolina",1047,46,1001
15000US370630021002,"Block Group 2, Census Tract 21, Durham County, North Carolina",808,56,752
15000US370630021003,"Block Group 3, Census Tract 21, Durham County, North Carolina",719,17,702
15000US370630022001,"Block Group 1, Census Tract 22, Durham County, North Carolina",1079,165,914
15000US370630023001,"Block Group 1, Census Tract 23, Durham County, North Carolina",246,71,175
15000US370630023002,"Block Group 2, Census Tract 23, Durham County, North Carolina",195,35,160
15000US370639801001,"Block Group 1, Census Tract 9801, Durham County, North Carolina",0,0,0
15000US370650202001,"Block Group 1, Census Tract 202, Edgecombe County, North Carolina",297,81,216
15000US370650202002,"Block Group 2, Census Tract 202, Edgecombe County, North Carolina",208,116,92
15000US370650202003,"Block Group 3, Census Tract 202, Edgecombe County, North Carolina",404,161,243
15000US370650202004,"Block Group 4, Census Tract 202, Edgecombe County, North Carolina",478,339,139
15000US370650202005,"Block Group 5, Census Tract 202, Edgecombe County, North Carolina",427,35,392
15000US370650202006,"Block Group 6, Census Tract 202, Edgecombe County, North Carolina",560,95,465
15000US370650203001,"Block Group 1, Census Tract 203, Edgecombe County, North Carolina",508,142,366
15000US370650203002,"Block Group 2, Census Tract 203, Edgecombe County, North Carolina",733,336,397
15000US370650203003,"Block Group 3, Census Tract 203, Edgecombe County, North Carolina",292,29,263
15000US370650203004,"Block Group 4, Census Tract 203, Edgecombe County, North Carolina",474,72,402
15000US370650204001,"Block Group 1, Census Tract 204, Edgecombe County, North Carolina",315,128,187
15000US370650204002,"Block Group 2, Census Tract 204, Edgecombe County, North Carolina",250,95,155
15000US370650204003,"Block Group 3, Census Tract 204, Edgecombe County, North Carolina",363,150,213
15000US370650204004,"Block Group 4, Census Tract 204, Edgecombe County, North Carolina",184,98,86
15000US370650204005,"Block Group 5, Census Tract 204, Edgecombe County, North Carolina",800,151,649
15000US370650206001,"Block Group 1, Census Tract 206, Edgecombe County, North Carolina",374,39,335
15000US370650206002,"Block Group 2, Census Tract 206, Edgecombe County, North Carolina",536,109,427
15000US370650207001,"Block Group 1, Census Tract 207, Edgecombe County, North Carolina",344,83,261
15000US370650207002,"Block Group 2, Census Tract 207, Edgecombe County, North Carolina",402,32,370
15000US370650208001,"Block Group 1, Census Tract 208, Edgecombe County, North Carolina",329,46,283
15000US370650208002,"Block Group 2, Census Tract 208, Edgecombe County, North Carolina",293,31,262
15000US370650208003,"Block Group 3, Census Tract 208, Edgecombe County, North Carolina",766,217,549
15000US370650209001,"Block Group 1, Census Tract 209, Edgecombe County, North Carolina",320,87,233
15000US370650209002,"Block Group 2, Census Tract 209, Edgecombe County, North Carolina",517,101,416
15000US370650209003,"Block Group 3, Census Tract 209, Edgecombe County, North Carolina",147,82,65
15000US370650210001,"Block Group 1, Census Tract 210, Edgecombe County, North Carolina",406,26,380
15000US370650210002,"Block Group 2, Census Tract 210, Edgecombe County, North Carolina",397,153,244
15000US370650210003,"Block Group 3, Census Tract 210, Edgecombe County, North Carolina",219,34,185
15000US370650210004,"Block Group 4, Census Tract 210, Edgecombe County, North Carolina",307,126,181
15000US370650211001,"Block Group 1, Census Tract 211, Edgecombe County, North Carolina",524,151,373
15000US370650211002,"Block Group 2, Census Tract 211, Edgecombe County, North Carolina",211,91,120
15000US370650211003,"Block Group 3, Census Tract 211, Edgecombe County, North Carolina",813,97,716
15000US370650212001,"Block Group 1, Census Tract 212, Edgecombe County, North Carolina",996,442,554
15000US370650212002,"Block Group 2, Census Tract 212, Edgecombe County, North Carolina",423,62,361
15000US370650212003,"Block Group 3, Census Tract 212, Edgecombe County, North Carolina",267,99,168
15000US370650212004,"Block Group 4, Census Tract 212, Edgecombe County, North Carolina",456,14,442
15000US370650213001,"Block Group 1, Census Tract 213, Edgecombe County, North Carolina",556,105,451
15000US370650213002,"Block Group 2, Census Tract 213, Edgecombe County, North Carolina",769,116,653
15000US370650213003,"Block Group 3, Census Tract 213, Edgecombe County, North Carolina",547,62,485
15000US370650214001,"Block Group 1, Census Tract 214, Edgecombe County, North Carolina",604,114,490
15000US370650214002,"Block Group 2, Census Tract 214, Edgecombe County, North Carolina",765,170,595
15000US370650215001,"Block Group 1, Census Tract 215, Edgecombe County, North Carolina",425,72,353
15000US370650215002,"Block Group 2, Census Tract 215, Edgecombe County, North Carolina",519,113,406
15000US370650215003,"Block Group 3, Census Tract 215, Edgecombe County, North Carolina",488,55,433
15000US370650216001,"Block Group 1, Census Tract 216, Edgecombe County, North Carolina",396,112,284
15000US370650216002,"Block Group 2, Census Tract 216, Edgecombe County, North Carolina",373,67,306
15000US370650216003,"Block Group 3, Census Tract 216, Edgecombe County, North Carolina",369,64,305
15000US370670001001,"Block Group 1, Census Tract 1, Forsyth County, North Carolina",1111,164,947
15000US370670002001,"Block Group 1, Census Tract 2, Forsyth County, North Carolina",534,206,328
15000US370670003011,"Block Group 1, Census Tract 3.01, Forsyth County, North Carolina",801,407,394
15000US370670003021,"Block Group 1, Census Tract 3.02, Forsyth County, North Carolina",679,219,460
15000US370670004001,"Block Group 1, Census Tract 4, Forsyth County, North Carolina",271,50,221
15000US370670004002,"Block Group 2, Census Tract 4, Forsyth County, North Carolina",312,155,157
15000US370670004003,"Block Group 3, Census Tract 4, Forsyth County, North Carolina",677,251,426
15000US370670005001,"Block Group 1, Census Tract 5, Forsyth County, North Carolina",183,85,98
15000US370670005002,"Block Group 2, Census Tract 5, Forsyth County, North Carolina",313,166,147
15000US370670005003,"Block Group 3, Census Tract 5, Forsyth County, North Carolina",406,137,269
15000US370670006001,"Block Group 1, Census Tract 6, Forsyth County, North Carolina",671,298,373
15000US370670006002,"Block Group 2, Census Tract 6, Forsyth County, North Carolina",206,75,131
15000US370670007001,"Block Group 1, Census Tract 7, Forsyth County, North Carolina",369,181,188
15000US370670007002,"Block Group 2, Census Tract 7, Forsyth County, North Carolina",721,192,529
15000US370670008011,"Block Group 1, Census Tract 8.01, Forsyth County, North Carolina",0,0,0
15000US370670008012,"Block Group 2, Census Tract 8.01, Forsyth County, North Carolina",211,130,81
15000US370670008021,"Block Group 1, Census Tract 8.02, Forsyth County, North Carolina",146,93,53
15000US370670008022,"Block Group 2, Census Tract 8.02, Forsyth County, North Carolina",486,276,210
15000US370670009001,"Block Group 1, Census Tract 9, Forsyth County, North Carolina",420,231,189
15000US370670009002,"Block Group 2, Census Tract 9, Forsyth County, North Carolina",487,217,270
15000US370670009003,"Block Group 3, Census Tract 9, Forsyth County, North Carolina",215,51,164
15000US370670009004,"Block Group 4, Census Tract 9, Forsyth County, North Carolina",374,18,356
15000US370670010001,"Block Group 1, Census Tract 10, Forsyth County, North Carolina",347,118,229
15000US370670010002,"Block Group 2, Census Tract 10, Forsyth County, North Carolina",627,164,463
15000US370670010003,"Block Group 3, Census Tract 10, Forsyth County, North Carolina",402,65,337
15000US370670010004,"Block Group 4, Census Tract 10, Forsyth County, North Carolina",329,23,306
15000US370670011001,"Block Group 1, Census Tract 11, Forsyth County, North Carolina",503,110,393
15000US370670011002,"Block Group 2, Census Tract 11, Forsyth County, North Carolina",352,24,328
15000US370670011003,"Block Group 3, Census Tract 11, Forsyth County, North Carolina",525,140,385
15000US370670012001,"Block Group 1, Census Tract 12, Forsyth County, North Carolina",203,0,203
15000US370670012002,"Block Group 2, Census Tract 12, Forsyth County, North Carolina",597,28,569
15000US370670013001,"Block Group 1, Census Tract 13, Forsyth County, North Carolina",199,39,160
15000US370670013002,"Block Group 2, Census Tract 13, Forsyth County, North Carolina",51,4,47
15000US370670013003,"Block Group 3, Census Tract 13, Forsyth County, North Carolina",429,55,374
15000US370670014001,"Block Group 1, Census Tract 14, Forsyth County, North Carolina",649,170,479
15000US370670014002,"Block Group 2, Census Tract 14, Forsyth County, North Carolina",485,178,307
15000US370670015001,"Block Group 1, Census Tract 15, Forsyth County, North Carolina",637,272,365
15000US370670015002,"Block Group 2, Census Tract 15, Forsyth County, North Carolina",541,87,454
15000US370670015003,"Block Group 3, Census Tract 15, Forsyth County, North Carolina",288,77,211
15000US370670016011,"Block Group 1, Census Tract 16.01, Forsyth County, North Carolina",562,66,496
15000US370670016012,"Block Group 2, Census Tract 16.01, Forsyth County, North Carolina",385,21,364
15000US370670016013,"Block Group 3, Census Tract 16.01, Forsyth County, North Carolina",421,81,340
15000US370670016021,"Block Group 1, Census Tract 16.02, Forsyth County, North Carolina",571,302,269
15000US370670016022,"Block Group 2, Census Tract 16.02, Forsyth County, North Carolina",742,234,508
15000US370670017001,"Block Group 1, Census Tract 17, Forsyth County, North Carolina",250,31,219
15000US370670017002,"Block Group 2, Census Tract 17, Forsyth County, North Carolina",240,179,61
15000US370670017003,"Block Group 3, Census Tract 17, Forsyth County, North Carolina",535,260,275
15000US370670017004,"Block Group 4, Census Tract 17, Forsyth County, North Carolina",236,112,124
15000US370670017005,"Block Group 5, Census Tract 17, Forsyth County, North Carolina",741,21,720
15000US370670018001,"Block Group 1, Census Tract 18, Forsyth County, North Carolina",692,158,534
15000US370670018002,"Block Group 2, Census Tract 18, Forsyth County, North Carolina",187,36,151
15000US370670018003,"Block Group 3, Census Tract 18, Forsyth County, North Carolina",181,37,144
15000US370670018004,"Block Group 4, Census Tract 18, Forsyth County, North Carolina",369,72,297
15000US370670019011,"Block Group 1, Census Tract 19.01, Forsyth County, North Carolina",530,247,283
15000US370670019021,"Block Group 1, Census Tract 19.02, Forsyth County, North Carolina",524,167,357
15000US370670019022,"Block Group 2, Census Tract 19.02, Forsyth County, North Carolina",330,33,297
15000US370670020011,"Block Group 1, Census Tract 20.01, Forsyth County, North Carolina",361,143,218
15000US370670020012,"Block Group 2, Census Tract 20.01, Forsyth County, North Carolina",633,191,442
15000US370670020021,"Block Group 1, Census Tract 20.02, Forsyth County, North Carolina",548,183,365
15000US370670020022,"Block Group 2, Census Tract 20.02, Forsyth County, North Carolina",796,112,684
15000US370670021001,"Block Group 1, Census Tract 21, Forsyth County, North Carolina",357,53,304
15000US370670021002,"Block Group 2, Census Tract 21, Forsyth County, North Carolina",610,77,533
15000US370670022001,"Block Group 1, Census Tract 22, Forsyth County, North Carolina",330,51,279
15000US370670022002,"Block Group 2, Census Tract 22, Forsyth County, North Carolina",688,77,611
15000US370670022003,"Block Group 3, Census Tract 22, Forsyth County, North Carolina",731,65,666
15000US370670025011,"Block Group 1, Census Tract 25.01, Forsyth County, North Carolina",368,9,359
15000US370670025012,"Block Group 2, Census Tract 25.01, Forsyth County, North Carolina",229,19,210
15000US370670025013,"Block Group 3, Census Tract 25.01, Forsyth County, North Carolina",473,11,462
15000US370670025021,"Block Group 1, Census Tract 25.02, Forsyth County, North Carolina",653,87,566
15000US370670025022,"Block Group 2, Census Tract 25.02, Forsyth County, North Carolina",604,10,594
15000US370670026011,"Block Group 1, Census Tract 26.01, Forsyth County, North Carolina",710,58,652
15000US370670026012,"Block Group 2, Census Tract 26.01, Forsyth County, North Carolina",451,0,451
15000US370670026031,"Block Group 1, Census Tract 26.03, Forsyth County, North Carolina",1118,109,1009
15000US370670026032,"Block Group 2, Census Tract 26.03, Forsyth County, North Carolina",767,53,714
15000US370670026033,"Block Group 3, Census Tract 26.03, Forsyth County, North Carolina",353,29,324
15000US370670026034,"Block Group 4, Census Tract 26.03, Forsyth County, North Carolina",705,147,558
15000US370670026041,"Block Group 1, Census Tract 26.04, Forsyth County, North Carolina",444,178,266
15000US370670026042,"Block Group 2, Census Tract 26.04, Forsyth County, North Carolina",633,51,582
15000US370670026043,"Block Group 3, Census Tract 26.04, Forsyth County, North Carolina",688,0,688
15000US370670026044,"Block Group 4, Census Tract 26.04, Forsyth County, North Carolina",473,7,466
15000US370670027011,"Block Group 1, Census Tract 27.01, Forsyth County, North Carolina",1086,207,879
15000US370670027012,"Block Group 2, Census Tract 27.01, Forsyth County, North Carolina",820,147,673
15000US370670027013,"Block Group 3, Census Tract 27.01, Forsyth County, North Carolina",490,0,490
15000US370670027021,"Block Group 1, Census Tract 27.02, Forsyth County, North Carolina",456,46,410
15000US370670027022,"Block Group 2, Census Tract 27.02, Forsyth County, North Carolina",359,94,265
15000US370670027023,"Block Group 3, Census Tract 27.02, Forsyth County, North Carolina",975,252,723
15000US370670027024,"Block Group 4, Census Tract 27.02, Forsyth County, North Carolina",978,215,763
15000US370670027031,"Block Group 1, Census Tract 27.03, Forsyth County, North Carolina",821,219,602
15000US370670027032,"Block Group 2, Census Tract 27.03, Forsyth County, North Carolina",921,307,614
15000US370670027033,"Block Group 3, Census Tract 27.03, Forsyth County, North Carolina",827,334,493
15000US370670027034,"Block Group 4, Census Tract 27.03, Forsyth County, North Carolina",467,85,382
15000US370670028011,"Block Group 1, Census Tract 28.01, Forsyth County, North Carolina",511,0,511
15000US370670028012,"Block Group 2, Census Tract 28.01, Forsyth County, North Carolina",262,28,234
15000US370670028013,"Block Group 3, Census Tract 28.01, Forsyth County, North Carolina",976,103,873
15000US370670028041,"Block Group 1, Census Tract 28.04, Forsyth County, North Carolina",520,61,459
15000US370670028042,"Block Group 2, Census Tract 28.04, Forsyth County, North Carolina",447,51,396
15000US370670028043,"Block Group 3, Census Tract 28.04, Forsyth County, North Carolina",509,94,415
15000US370670028061,"Block Group 1, Census Tract 28.06, Forsyth County, North Carolina",336,94,242
15000US370670028062,"Block Group 2, Census Tract 28.06, Forsyth County, North Carolina",1034,234,800
15000US370670028071,"Block Group 1, Census Tract 28.07, Forsyth County, North Carolina",771,20,751
15000US370670028072,"Block Group 2, Census Tract 28.07, Forsyth County, North Carolina",494,93,401
15000US370670028073,"Block Group 3, Census Tract 28.07, Forsyth County, North Carolina",841,60,781
15000US370670028081,"Block Group 1, Census Tract 28.08, Forsyth County, North Carolina",902,118,784
15000US370670028082,"Block Group 2, Census Tract 28.08, Forsyth County, North Carolina",725,31,694
15000US370670028091,"Block Group 1, Census Tract 28.09, Forsyth County, North Carolina",511,17,494
15000US370670028092,"Block Group 2, Census Tract 28.09, Forsyth County, North Carolina",540,26,514
15000US370670029011,"Block Group 1, Census Tract 29.01, Forsyth County, North Carolina",580,118,462
15000US370670029012,"Block Group 2, Census Tract 29.01, Forsyth County, North Carolina",590,95,495
15000US370670029013,"Block Group 3, Census Tract 29.01, Forsyth County, North Carolina",570,56,514
15000US370670029031,"Block Group 1, Census Tract 29.03, Forsyth County, North Carolina",259,56,203
15000US370670029032,"Block Group 2, Census Tract 29.03, Forsyth County, North Carolina",603,77,526
15000US370670029033,"Block Group 3, Census Tract 29.03, Forsyth County, North Carolina",203,66,137
15000US370670029034,"Block Group 4, Census Tract 29.03, Forsyth County, North Carolina",335,79,256
15000US370670029041,"Block Group 1, Census Tract 29.04, Forsyth County, North Carolina",593,132,461
15000US370670029042,"Block Group 2, Census Tract 29.04, Forsyth County, North Carolina",323,21,302
15000US370670030021,"Block Group 1, Census Tract 30.02, Forsyth County, North Carolina",512,101,411
15000US370670030022,"Block Group 2, Census Tract 30.02, Forsyth County, North Carolina",529,97,432
15000US370670030023,"Block Group 3, Census Tract 30.02, Forsyth County, North Carolina",482,40,442
15000US370670030031,"Block Group 1, Census Tract 30.03, Forsyth County, North Carolina",549,10,539
15000US370670030032,"Block Group 2, Census Tract 30.03, Forsyth County, North Carolina",682,58,624
15000US370670030041,"Block Group 1, Census Tract 30.04, Forsyth County, North Carolina",715,118,597
15000US370670030042,"Block Group 2, Census Tract 30.04, Forsyth County, North Carolina",749,116,633
15000US370670031031,"Block Group 1, Census Tract 31.03, Forsyth County, North Carolina",630,67,563
15000US370670031032,"Block Group 2, Census Tract 31.03, Forsyth County, North Carolina",725,44,681
15000US370670031033,"Block Group 3, Census Tract 31.03, Forsyth County, North Carolina",770,45,725
15000US370670031051,"Block Group 1, Census Tract 31.05, Forsyth County, North Carolina",694,137,557
15000US370670031052,"Block Group 2, Census Tract 31.05, Forsyth County, North Carolina",767,101,666
15000US370670031061,"Block Group 1, Census Tract 31.06, Forsyth County, North Carolina",875,120,755
15000US370670031062,"Block Group 2, Census Tract 31.06, Forsyth County, North Carolina",301,21,280
15000US370670031071,"Block Group 1, Census Tract 31.07, Forsyth County, North Carolina",427,40,387
15000US370670031072,"Block Group 2, Census Tract 31.07, Forsyth County, North Carolina",1293,180,1113
15000US370670031081,"Block Group 1, Census Tract 31.08, Forsyth County, North Carolina",1034,270,764
15000US370670031082,"Block Group 2, Census Tract 31.08, Forsyth County, North Carolina",376,70,306
15000US370670032011,"Block Group 1, Census Tract 32.01, Forsyth County, North Carolina",456,11,445
15000US370670032012,"Block Group 2, Census Tract 32.01, Forsyth County, North Carolina",392,0,392
15000US370670032013,"Block Group 3, Census Tract 32.01, Forsyth County, North Carolina",765,108,657
15000US370670032014,"Block Group 4, Census Tract 32.01, Forsyth County, North Carolina",372,90,282
15000US370670032021,"Block Group 1, Census Tract 32.02, Forsyth County, North Carolina",517,79,438
15000US370670032022,"Block Group 2, Census Tract 32.02, Forsyth County, North Carolina",280,35,245
15000US370670032023,"Block Group 3, Census Tract 32.02, Forsyth County, North Carolina",987,121,866
15000US370670033071,"Block Group 1, Census Tract 33.07, Forsyth County, North Carolina",693,44,649
15000US370670033072,"Block Group 2, Census Tract 33.07, Forsyth County, North Carolina",850,69,781
15000US370670033081,"Block Group 1, Census Tract 33.08, Forsyth County, North Carolina",1162,21,1141
15000US370670033082,"Block Group 2, Census Tract 33.08, Forsyth County, North Carolina",276,0,276
15000US370670033083,"Block Group 3, Census Tract 33.08, Forsyth County, North Carolina",1405,0,1405
15000US370670033084,"Block Group 4, Census Tract 33.08, Forsyth County, North Carolina",199,11,188
15000US370670033091,"Block Group 1, Census Tract 33.09, Forsyth County, North Carolina",220,7,213
15000US370670033092,"Block Group 2, Census Tract 33.09, Forsyth County, North Carolina",644,140,504
15000US370670033093,"Block Group 3, Census Tract 33.09, Forsyth County, North Carolina",1028,294,734
15000US370670033101,"Block Group 1, Census Tract 33.10, Forsyth County, North Carolina",900,60,840
15000US370670033102,"Block Group 2, Census Tract 33.10, Forsyth County, North Carolina",603,38,565
15000US370670033111,"Block Group 1, Census Tract 33.11, Forsyth County, North Carolina",643,16,627
15000US370670033121,"Block Group 1, Census Tract 33.12, Forsyth County, North Carolina",1436,120,1316
15000US370670033131,"Block Group 1, Census Tract 33.13, Forsyth County, North Carolina",583,83,500
15000US370670033141,"Block Group 1, Census Tract 33.14, Forsyth County, North Carolina",763,69,694
15000US370670033142,"Block Group 2, Census Tract 33.14, Forsyth County, North Carolina",713,66,647
15000US370670033151,"Block Group 1, Census Tract 33.15, Forsyth County, North Carolina",576,35,541
15000US370670033152,"Block Group 2, Census Tract 33.15, Forsyth County, North Carolina",1227,169,1058
15000US370670034021,"Block Group 1, Census Tract 34.02, Forsyth County, North Carolina",294,62,232
15000US370670034022,"Block Group 2, Census Tract 34.02, Forsyth County, North Carolina",635,47,588
15000US370670034031,"Block Group 1, Census Tract 34.03, Forsyth County, North Carolina",794,217,577
15000US370670034032,"Block Group 2, Census Tract 34.03, Forsyth County, North Carolina",279,119,160
15000US370670034041,"Block Group 1, Census Tract 34.04, Forsyth County, North Carolina",587,264,323
15000US370670034042,"Block Group 2, Census Tract 34.04, Forsyth County, North Carolina",824,265,559
15000US370670035001,"Block Group 1, Census Tract 35, Forsyth County, North Carolina",449,243,206
15000US370670035002,"Block Group 2, Census Tract 35, Forsyth County, North Carolina",393,168,225
15000US370670035003,"Block Group 3, Census Tract 35, Forsyth County, North Carolina",527,154,373
15000US370670035004,"Block Group 4, Census Tract 35, Forsyth County, North Carolina",633,97,536
15000US370670035005,"Block Group 5, Census Tract 35, Forsyth County, North Carolina",662,130,532
15000US370670036001,"Block Group 1, Census Tract 36, Forsyth County, North Carolina",437,19,418
15000US370670036002,"Block Group 2, Census Tract 36, Forsyth County, North Carolina",1377,313,1064
15000US370670036003,"Block Group 3, Census Tract 36, Forsyth County, North Carolina",720,101,619
15000US370670037011,"Block Group 1, Census Tract 37.01, Forsyth County, North Carolina",463,127,336
15000US370670037012,"Block Group 2, Census Tract 37.01, Forsyth County, North Carolina",880,219,661
15000US370670037013,"Block Group 3, Census Tract 37.01, Forsyth County, North Carolina",885,271,614
15000US370670037021,"Block Group 1, Census Tract 37.02, Forsyth County, North Carolina",1104,182,922
15000US370670037022,"Block Group 2, Census Tract 37.02, Forsyth County, North Carolina",288,0,288
15000US370670037023,"Block Group 3, Census Tract 37.02, Forsyth County, North Carolina",568,30,538
15000US370670037031,"Block Group 1, Census Tract 37.03, Forsyth County, North Carolina",682,53,629
15000US370670037032,"Block Group 2, Census Tract 37.03, Forsyth County, North Carolina",727,65,662
15000US370670037033,"Block Group 3, Census Tract 37.03, Forsyth County, North Carolina",564,67,497
15000US370670037034,"Block Group 4, Census Tract 37.03, Forsyth County, North Carolina",1148,83,1065
15000US370670038031,"Block Group 1, Census Tract 38.03, Forsyth County, North Carolina",1123,169,954
15000US370670038032,"Block Group 2, Census Tract 38.03, Forsyth County, North Carolina",1145,110,1035
15000US370670038041,"Block Group 1, Census Tract 38.04, Forsyth County, North Carolina",491,35,456
15000US370670038042,"Block Group 2, Census Tract 38.04, Forsyth County, North Carolina",1078,124,954
15000US370670038043,"Block Group 3, Census Tract 38.04, Forsyth County, North Carolina",835,90,745
15000US370670038051,"Block Group 1, Census Tract 38.05, Forsyth County, North Carolina",842,251,591
15000US370670038052,"Block Group 2, Census Tract 38.05, Forsyth County, North Carolina",678,80,598
15000US370670038053,"Block Group 3, Census Tract 38.05, Forsyth County, North Carolina",495,39,456
15000US370670038054,"Block Group 4, Census Tract 38.05, Forsyth County, North Carolina",631,13,618
15000US370670038061,"Block Group 1, Census Tract 38.06, Forsyth County, North Carolina",525,66,459
15000US370670038062,"Block Group 2, Census Tract 38.06, Forsyth County, North Carolina",619,100,519
15000US370670039031,"Block Group 1, Census Tract 39.03, Forsyth County, North Carolina",798,60,738
15000US370670039032,"Block Group 2, Census Tract 39.03, Forsyth County, North Carolina",797,259,538
15000US370670039033,"Block Group 3, Census Tract 39.03, Forsyth County, North Carolina",393,0,393
15000US370670039041,"Block Group 1, Census Tract 39.04, Forsyth County, North Carolina",907,75,832
15000US370670039042,"Block Group 2, Census Tract 39.04, Forsyth County, North Carolina",819,92,727
15000US370670039043,"Block Group 3, Census Tract 39.04, Forsyth County, North Carolina",868,38,830
15000US370670039044,"Block Group 4, Census Tract 39.04, Forsyth County, North Carolina",443,12,431
15000US370670039051,"Block Group 1, Census Tract 39.05, Forsyth County, North Carolina",952,86,866
15000US370670039052,"Block Group 2, Census Tract 39.05, Forsyth County, North Carolina",900,67,833
15000US370670039061,"Block Group 1, Census Tract 39.06, Forsyth County, North Carolina",415,19,396
15000US370670039062,"Block Group 2, Census Tract 39.06, Forsyth County, North Carolina",227,0,227
15000US370670039063,"Block Group 3, Census Tract 39.06, Forsyth County, North Carolina",664,59,605
15000US370670039081,"Block Group 1, Census Tract 39.08, Forsyth County, North Carolina",681,49,632
15000US370670039082,"Block Group 2, Census Tract 39.08, Forsyth County, North Carolina",524,18,506
15000US370670039091,"Block Group 1, Census Tract 39.09, Forsyth County, North Carolina",597,0,597
15000US370670039092,"Block Group 2, Census Tract 39.09, Forsyth County, North Carolina",626,30,596
15000US370670039093,"Block Group 3, Census Tract 39.09, Forsyth County, North Carolina",711,66,645
15000US370670040051,"Block Group 1, Census Tract 40.05, Forsyth County, North Carolina",584,17,567
15000US370670040052,"Block Group 2, Census Tract 40.05, Forsyth County, North Carolina",859,39,820
15000US370670040053,"Block Group 3, Census Tract 40.05, Forsyth County, North Carolina",437,0,437
15000US370670040071,"Block Group 1, Census Tract 40.07, Forsyth County, North Carolina",728,58,670
15000US370670040072,"Block Group 2, Census Tract 40.07, Forsyth County, North Carolina",956,45,911
15000US370670040073,"Block Group 3, Census Tract 40.07, Forsyth County, North Carolina",367,18,349
15000US370670040074,"Block Group 4, Census Tract 40.07, Forsyth County, North Carolina",827,17,810
15000US370670040091,"Block Group 1, Census Tract 40.09, Forsyth County, North Carolina",812,77,735
15000US370670040092,"Block Group 2, Census Tract 40.09, Forsyth County, North Carolina",1007,49,958
15000US370670040101,"Block Group 1, Census Tract 40.10, Forsyth County, North Carolina",970,38,932
15000US370670040102,"Block Group 2, Census Tract 40.10, Forsyth County, North Carolina",348,11,337
15000US370670040103,"Block Group 3, Census Tract 40.10, Forsyth County, North Carolina",283,10,273
15000US370670040111,"Block Group 1, Census Tract 40.11, Forsyth County, North Carolina",834,67,767
15000US370670040112,"Block Group 2, Census Tract 40.11, Forsyth County, North Carolina",1023,72,951
15000US370670040113,"Block Group 3, Census Tract 40.11, Forsyth County, North Carolina",562,27,535
15000US370670040121,"Block Group 1, Census Tract 40.12, Forsyth County, North Carolina",617,42,575
15000US370670040122,"Block Group 2, Census Tract 40.12, Forsyth County, North Carolina",765,58,707
15000US370670040123,"Block Group 3, Census Tract 40.12, Forsyth County, North Carolina",437,26,411
15000US370670040124,"Block Group 4, Census Tract 40.12, Forsyth County, North Carolina",374,0,374
15000US370670040131,"Block Group 1, Census Tract 40.13, Forsyth County, North Carolina",758,97,661
15000US370670040132,"Block Group 2, Census Tract 40.13, Forsyth County, North Carolina",587,54,533
15000US370670040141,"Block Group 1, Census Tract 40.14, Forsyth County, North Carolina",872,86,786
15000US370670040142,"Block Group 2, Census Tract 40.14, Forsyth County, North Carolina",406,21,385
15000US370670040151,"Block Group 1, Census Tract 40.15, Forsyth County, North Carolina",507,43,464
15000US370670040152,"Block Group 2, Census Tract 40.15, Forsyth County, North Carolina",574,39,535
15000US370670040153,"Block Group 3, Census Tract 40.15, Forsyth County, North Carolina",738,44,694
15000US370670041021,"Block Group 1, Census Tract 41.02, Forsyth County, North Carolina",590,129,461
15000US370670041022,"Block Group 2, Census Tract 41.02, Forsyth County, North Carolina",767,45,722
15000US370670041031,"Block Group 1, Census Tract 41.03, Forsyth County, North Carolina",1008,61,947
15000US370670041032,"Block Group 2, Census Tract 41.03, Forsyth County, North Carolina",615,76,539
15000US370670041041,"Block Group 1, Census Tract 41.04, Forsyth County, North Carolina",894,69,825
15000US370670041042,"Block Group 2, Census Tract 41.04, Forsyth County, North Carolina",330,42,288
15000US370670041043,"Block Group 3, Census Tract 41.04, Forsyth County, North Carolina",265,22,243
15000US370690601001,"Block Group 1, Census Tract 601, Franklin County, North Carolina",590,30,560
15000US370690601002,"Block Group 2, Census Tract 601, Franklin County, North Carolina",561,136,425
15000US370690601003,"Block Group 3, Census Tract 601, Franklin County, North Carolina",330,39,291
15000US370690601004,"Block Group 4, Census Tract 601, Franklin County, North Carolina",360,63,297
15000US370690602001,"Block Group 1, Census Tract 602, Franklin County, North Carolina",958,92,866
15000US370690602002,"Block Group 2, Census Tract 602, Franklin County, North Carolina",565,176,389
15000US370690603011,"Block Group 1, Census Tract 603.01, Franklin County, North Carolina",680,26,654
15000US370690603012,"Block Group 2, Census Tract 603.01, Franklin County, North Carolina",803,78,725
15000US370690603013,"Block Group 3, Census Tract 603.01, Franklin County, North Carolina",650,70,580
15000US370690603021,"Block Group 1, Census Tract 603.02, Franklin County, North Carolina",503,166,337
15000US370690603022,"Block Group 2, Census Tract 603.02, Franklin County, North Carolina",622,141,481
15000US370690604011,"Block Group 1, Census Tract 604.01, Franklin County, North Carolina",1129,193,936
15000US370690604021,"Block Group 1, Census Tract 604.02, Franklin County, North Carolina",1159,382,777
15000US370690604022,"Block Group 2, Census Tract 604.02, Franklin County, North Carolina",203,11,192
15000US370690604023,"Block Group 3, Census Tract 604.02, Franklin County, North Carolina",782,201,581
15000US370690605011,"Block Group 1, Census Tract 605.01, Franklin County, North Carolina",1436,58,1378
15000US370690605012,"Block Group 2, Census Tract 605.01, Franklin County, North Carolina",1424,22,1402
15000US370690605021,"Block Group 1, Census Tract 605.02, Franklin County, North Carolina",1029,31,998
15000US370690605022,"Block Group 2, Census Tract 605.02, Franklin County, North Carolina",1261,50,1211
15000US370690605023,"Block Group 3, Census Tract 605.02, Franklin County, North Carolina",1051,191,860
15000US370690606001,"Block Group 1, Census Tract 606, Franklin County, North Carolina",1061,114,947
15000US370690606002,"Block Group 2, Census Tract 606, Franklin County, North Carolina",1287,202,1085
15000US370690606003,"Block Group 3, Census Tract 606, Franklin County, North Carolina",1130,56,1074
15000US370690607001,"Block Group 1, Census Tract 607, Franklin County, North Carolina",789,114,675
15000US370690607002,"Block Group 2, Census Tract 607, Franklin County, North Carolina",661,138,523
15000US370690607003,"Block Group 3, Census Tract 607, Franklin County, North Carolina",977,32,945
15000US370690608011,"Block Group 1, Census Tract 608.01, Franklin County, North Carolina",530,72,458
15000US370690608012,"Block Group 2, Census Tract 608.01, Franklin County, North Carolina",877,102,775
15000US370690608021,"Block Group 1, Census Tract 608.02, Franklin County, North Carolina",1182,74,1108
15000US370690608022,"Block Group 2, Census Tract 608.02, Franklin County, North Carolina",791,59,732
15000US370710301011,"Block Group 1, Census Tract 301.01, Gaston County, North Carolina",510,40,470
15000US370710301012,"Block Group 2, Census Tract 301.01, Gaston County, North Carolina",390,30,360
15000US370710301013,"Block Group 3, Census Tract 301.01, Gaston County, North Carolina",492,0,492
15000US370710301021,"Block Group 1, Census Tract 301.02, Gaston County, North Carolina",1144,66,1078
15000US370710301022,"Block Group 2, Census Tract 301.02, Gaston County, North Carolina",423,12,411
15000US370710302031,"Block Group 1, Census Tract 302.03, Gaston County, North Carolina",789,71,718
15000US370710302032,"Block Group 2, Census Tract 302.03, Gaston County, North Carolina",215,29,186
15000US370710302041,"Block Group 1, Census Tract 302.04, Gaston County, North Carolina",517,29,488
15000US370710302042,"Block Group 2, Census Tract 302.04, Gaston County, North Carolina",710,22,688
15000US370710302051,"Block Group 1, Census Tract 302.05, Gaston County, North Carolina",479,30,449
15000US370710302052,"Block Group 2, Census Tract 302.05, Gaston County, North Carolina",521,51,470
15000US370710302053,"Block Group 3, Census Tract 302.05, Gaston County, North Carolina",461,49,412
15000US370710303011,"Block Group 1, Census Tract 303.01, Gaston County, North Carolina",345,63,282
15000US370710303012,"Block Group 2, Census Tract 303.01, Gaston County, North Carolina",675,126,549
15000US370710303021,"Block Group 1, Census Tract 303.02, Gaston County, North Carolina",813,211,602
15000US370710303022,"Block Group 2, Census Tract 303.02, Gaston County, North Carolina",266,15,251
15000US370710304011,"Block Group 1, Census Tract 304.01, Gaston County, North Carolina",619,67,552
15000US370710304012,"Block Group 2, Census Tract 304.01, Gaston County, North Carolina",1035,130,905
15000US370710304021,"Block Group 1, Census Tract 304.02, Gaston County, North Carolina",697,218,479
15000US370710304022,"Block Group 2, Census Tract 304.02, Gaston County, North Carolina",216,7,209
15000US370710304023,"Block Group 3, Census Tract 304.02, Gaston County, North Carolina",510,8,502
15000US370710305011,"Block Group 1, Census Tract 305.01, Gaston County, North Carolina",446,85,361
15000US370710305012,"Block Group 2, Census Tract 305.01, Gaston County, North Carolina",563,34,529
15000US370710305021,"Block Group 1, Census Tract 305.02, Gaston County, North Carolina",462,59,403
15000US370710305022,"Block Group 2, Census Tract 305.02, Gaston County, North Carolina",330,0,330
15000US370710305023,"Block Group 3, Census Tract 305.02, Gaston County, North Carolina",577,127,450
15000US370710306011,"Block Group 1, Census Tract 306.01, Gaston County, North Carolina",601,101,500
15000US370710306012,"Block Group 2, Census Tract 306.01, Gaston County, North Carolina",474,75,399
15000US370710306021,"Block Group 1, Census Tract 306.02, Gaston County, North Carolina",492,102,390
15000US370710306022,"Block Group 2, Census Tract 306.02, Gaston County, North Carolina",511,48,463
15000US370710307001,"Block Group 1, Census Tract 307, Gaston County, North Carolina",586,129,457
15000US370710307002,"Block Group 2, Census Tract 307, Gaston County, North Carolina",301,63,238
15000US370710307003,"Block Group 3, Census Tract 307, Gaston County, North Carolina",545,93,452
15000US370710308011,"Block Group 1, Census Tract 308.01, Gaston County, North Carolina",221,53,168
15000US370710308012,"Block Group 2, Census Tract 308.01, Gaston County, North Carolina",343,67,276
15000US370710308021,"Block Group 1, Census Tract 308.02, Gaston County, North Carolina",639,54,585
15000US370710308022,"Block Group 2, Census Tract 308.02, Gaston County, North Carolina",548,58,490
15000US370710308023,"Block Group 3, Census Tract 308.02, Gaston County, North Carolina",388,88,300
15000US370710309011,"Block Group 1, Census Tract 309.01, Gaston County, North Carolina",371,32,339
15000US370710309012,"Block Group 2, Census Tract 309.01, Gaston County, North Carolina",598,184,414
15000US370710309021,"Block Group 1, Census Tract 309.02, Gaston County, North Carolina",702,57,645
15000US370710309022,"Block Group 2, Census Tract 309.02, Gaston County, North Carolina",595,116,479
15000US370710310011,"Block Group 1, Census Tract 310.01, Gaston County, North Carolina",345,57,288
15000US370710310012,"Block Group 2, Census Tract 310.01, Gaston County, North Carolina",460,114,346
15000US370710310013,"Block Group 3, Census Tract 310.01, Gaston County, North Carolina",348,77,271
15000US370710310031,"Block Group 1, Census Tract 310.03, Gaston County, North Carolina",535,20,515
15000US370710310032,"Block Group 2, Census Tract 310.03, Gaston County, North Carolina",998,31,967
15000US370710310041,"Block Group 1, Census Tract 310.04, Gaston County, North Carolina",490,64,426
15000US370710310042,"Block Group 2, Census Tract 310.04, Gaston County, North Carolina",732,108,624
15000US370710311011,"Block Group 1, Census Tract 311.01, Gaston County, North Carolina",362,69,293
15000US370710311012,"Block Group 2, Census Tract 311.01, Gaston County, North Carolina",771,106,665
15000US370710311021,"Block Group 1, Census Tract 311.02, Gaston County, North Carolina",383,49,334
15000US370710311022,"Block Group 2, Census Tract 311.02, Gaston County, North Carolina",629,97,532
15000US370710312011,"Block Group 1, Census Tract 312.01, Gaston County, North Carolina",458,24,434
15000US370710312012,"Block Group 2, Census Tract 312.01, Gaston County, North Carolina",934,100,834
15000US370710312021,"Block Group 1, Census Tract 312.02, Gaston County, North Carolina",210,24,186
15000US370710312022,"Block Group 2, Census Tract 312.02, Gaston County, North Carolina",571,61,510
15000US370710313011,"Block Group 1, Census Tract 313.01, Gaston County, North Carolina",567,68,499
15000US370710313012,"Block Group 2, Census Tract 313.01, Gaston County, North Carolina",839,147,692
15000US370710313021,"Block Group 1, Census Tract 313.02, Gaston County, North Carolina",518,170,348
15000US370710313022,"Block Group 2, Census Tract 313.02, Gaston County, North Carolina",626,100,526
15000US370710313023,"Block Group 3, Census Tract 313.02, Gaston County, North Carolina",449,86,363
15000US370710313024,"Block Group 4, Census Tract 313.02, Gaston County, North Carolina",190,8,182
15000US370710314011,"Block Group 1, Census Tract 314.01, Gaston County, North Carolina",462,122,340
15000US370710314012,"Block Group 2, Census Tract 314.01, Gaston County, North Carolina",563,44,519
15000US370710314021,"Block Group 1, Census Tract 314.02, Gaston County, North Carolina",413,15,398
15000US370710314022,"Block Group 2, Census Tract 314.02, Gaston County, North Carolina",233,52,181
15000US370710314023,"Block Group 3, Census Tract 314.02, Gaston County, North Carolina",325,24,301
15000US370710315001,"Block Group 1, Census Tract 315, Gaston County, North Carolina",291,103,188
15000US370710315002,"Block Group 2, Census Tract 315, Gaston County, North Carolina",235,108,127
15000US370710315003,"Block Group 3, Census Tract 315, Gaston County, North Carolina",266,24,242
15000US370710315004,"Block Group 4, Census Tract 315, Gaston County, North Carolina",207,52,155
15000US370710315005,"Block Group 5, Census Tract 315, Gaston County, North Carolina",387,113,274
15000US370710316001,"Block Group 1, Census Tract 316, Gaston County, North Carolina",344,68,276
15000US370710316002,"Block Group 2, Census Tract 316, Gaston County, North Carolina",363,94,269
15000US370710316003,"Block Group 3, Census Tract 316, Gaston County, North Carolina",507,64,443
15000US370710316004,"Block Group 4, Census Tract 316, Gaston County, North Carolina",206,49,157
15000US370710317011,"Block Group 1, Census Tract 317.01, Gaston County, North Carolina",551,27,524
15000US370710317012,"Block Group 2, Census Tract 317.01, Gaston County, North Carolina",391,55,336
15000US370710317013,"Block Group 3, Census Tract 317.01, Gaston County, North Carolina",332,52,280
15000US370710317031,"Block Group 1, Census Tract 317.03, Gaston County, North Carolina",313,52,261
15000US370710317032,"Block Group 2, Census Tract 317.03, Gaston County, North Carolina",686,85,601
15000US370710317041,"Block Group 1, Census Tract 317.04, Gaston County, North Carolina",463,52,411
15000US370710317042,"Block Group 2, Census Tract 317.04, Gaston County, North Carolina",1023,203,820
15000US370710318001,"Block Group 1, Census Tract 318, Gaston County, North Carolina",211,42,169
15000US370710318002,"Block Group 2, Census Tract 318, Gaston County, North Carolina",259,78,181
15000US370710318003,"Block Group 3, Census Tract 318, Gaston County, North Carolina",241,24,217
15000US370710318004,"Block Group 4, Census Tract 318, Gaston County, North Carolina",223,30,193
15000US370710318005,"Block Group 5, Census Tract 318, Gaston County, North Carolina",148,33,115
15000US370710319001,"Block Group 1, Census Tract 319, Gaston County, North Carolina",211,102,109
15000US370710319002,"Block Group 2, Census Tract 319, Gaston County, North Carolina",91,24,67
15000US370710319003,"Block Group 3, Census Tract 319, Gaston County, North Carolina",326,157,169
15000US370710319004,"Block Group 4, Census Tract 319, Gaston County, North Carolina",219,102,117
15000US370710320001,"Block Group 1, Census Tract 320, Gaston County, North Carolina",415,78,337
15000US370710320002,"Block Group 2, Census Tract 320, Gaston County, North Carolina",197,101,96
15000US370710320003,"Block Group 3, Census Tract 320, Gaston County, North Carolina",366,127,239
15000US370710321001,"Block Group 1, Census Tract 321, Gaston County, North Carolina",404,99,305
15000US370710321002,"Block Group 2, Census Tract 321, Gaston County, North Carolina",430,76,354
15000US370710321003,"Block Group 3, Census Tract 321, Gaston County, North Carolina",194,72,122
15000US370710322001,"Block Group 1, Census Tract 322, Gaston County, North Carolina",382,14,368
15000US370710322002,"Block Group 2, Census Tract 322, Gaston County, North Carolina",646,174,472
15000US370710322003,"Block Group 3, Census Tract 322, Gaston County, North Carolina",763,84,679
15000US370710323011,"Block Group 1, Census Tract 323.01, Gaston County, North Carolina",407,22,385
15000US370710323012,"Block Group 2, Census Tract 323.01, Gaston County, North Carolina",248,19,229
15000US370710323013,"Block Group 3, Census Tract 323.01, Gaston County, North Carolina",479,42,437
15000US370710323021,"Block Group 1, Census Tract 323.02, Gaston County, North Carolina",368,29,339
15000US370710323022,"Block Group 2, Census Tract 323.02, Gaston County, North Carolina",426,60,366
15000US370710323023,"Block Group 3, Census Tract 323.02, Gaston County, North Carolina",322,70,252
15000US370710324011,"Block Group 1, Census Tract 324.01, Gaston County, North Carolina",449,66,383
15000US370710324012,"Block Group 2, Census Tract 324.01, Gaston County, North Carolina",549,35,514
15000US370710324013,"Block Group 3, Census Tract 324.01, Gaston County, North Carolina",356,45,311
15000US370710324014,"Block Group 4, Census Tract 324.01, Gaston County, North Carolina",825,141,684
15000US370710324021,"Block Group 1, Census Tract 324.02, Gaston County, North Carolina",695,63,632
15000US370710324022,"Block Group 2, Census Tract 324.02, Gaston County, North Carolina",1223,36,1187
15000US370710325021,"Block Group 1, Census Tract 325.02, Gaston County, North Carolina",725,46,679
15000US370710325022,"Block Group 2, Census Tract 325.02, Gaston County, North Carolina",667,40,627
15000US370710325051,"Block Group 1, Census Tract 325.05, Gaston County, North Carolina",1102,120,982
15000US370710325052,"Block Group 2, Census Tract 325.05, Gaston County, North Carolina",630,0,630
15000US370710325061,"Block Group 1, Census Tract 325.06, Gaston County, North Carolina",771,218,553
15000US370710325062,"Block Group 2, Census Tract 325.06, Gaston County, North Carolina",795,90,705
15000US370710325071,"Block Group 1, Census Tract 325.07, Gaston County, North Carolina",604,49,555
15000US370710325072,"Block Group 2, Census Tract 325.07, Gaston County, North Carolina",795,70,725
15000US370710325081,"Block Group 1, Census Tract 325.08, Gaston County, North Carolina",386,23,363
15000US370710325082,"Block Group 2, Census Tract 325.08, Gaston County, North Carolina",488,24,464
15000US370710326001,"Block Group 1, Census Tract 326, Gaston County, North Carolina",199,0,199
15000US370710326002,"Block Group 2, Census Tract 326, Gaston County, North Carolina",182,24,158
15000US370710326003,"Block Group 3, Census Tract 326, Gaston County, North Carolina",396,9,387
15000US370710326004,"Block Group 4, Census Tract 326, Gaston County, North Carolina",643,22,621
15000US370710327021,"Block Group 1, Census Tract 327.02, Gaston County, North Carolina",983,113,870
15000US370710327031,"Block Group 1, Census Tract 327.03, Gaston County, North Carolina",288,77,211
15000US370710327032,"Block Group 2, Census Tract 327.03, Gaston County, North Carolina",264,30,234
15000US370710327033,"Block Group 3, Census Tract 327.03, Gaston County, North Carolina",236,19,217
15000US370710327041,"Block Group 1, Census Tract 327.04, Gaston County, North Carolina",564,138,426
15000US370710327042,"Block Group 2, Census Tract 327.04, Gaston County, North Carolina",375,15,360
15000US370710327043,"Block Group 3, Census Tract 327.04, Gaston County, North Carolina",687,96,591
15000US370710327044,"Block Group 4, Census Tract 327.04, Gaston County, North Carolina",295,17,278
15000US370710328001,"Block Group 1, Census Tract 328, Gaston County, North Carolina",306,104,202
15000US370710328002,"Block Group 2, Census Tract 328, Gaston County, North Carolina",252,26,226
15000US370710328003,"Block Group 3, Census Tract 328, Gaston County, North Carolina",470,83,387
15000US370710328004,"Block Group 4, Census Tract 328, Gaston County, North Carolina",939,201,738
15000US370710328005,"Block Group 5, Census Tract 328, Gaston County, North Carolina",572,40,532
15000US370710329001,"Block Group 1, Census Tract 329, Gaston County, North Carolina",389,41,348
15000US370710329002,"Block Group 2, Census Tract 329, Gaston County, North Carolina",430,132,298
15000US370710329003,"Block Group 3, Census Tract 329, Gaston County, North Carolina",302,0,302
15000US370710329004,"Block Group 4, Census Tract 329, Gaston County, North Carolina",441,23,418
15000US370710331001,"Block Group 1, Census Tract 331, Gaston County, North Carolina",432,81,351
15000US370710331002,"Block Group 2, Census Tract 331, Gaston County, North Carolina",242,42,200
15000US370710331003,"Block Group 3, Census Tract 331, Gaston County, North Carolina",371,136,235
15000US370710332021,"Block Group 1, Census Tract 332.02, Gaston County, North Carolina",935,152,783
15000US370710332031,"Block Group 1, Census Tract 332.03, Gaston County, North Carolina",276,88,188
15000US370710332032,"Block Group 2, Census Tract 332.03, Gaston County, North Carolina",307,8,299
15000US370710332033,"Block Group 3, Census Tract 332.03, Gaston County, North Carolina",292,76,216
15000US370710332041,"Block Group 1, Census Tract 332.04, Gaston County, North Carolina",391,48,343
15000US370710332042,"Block Group 2, Census Tract 332.04, Gaston County, North Carolina",364,62,302
15000US370710332043,"Block Group 3, Census Tract 332.04, Gaston County, North Carolina",524,170,354
15000US370710333031,"Block Group 1, Census Tract 333.03, Gaston County, North Carolina",1002,29,973
15000US370710333032,"Block Group 2, Census Tract 333.03, Gaston County, North Carolina",283,0,283
15000US370710333041,"Block Group 1, Census Tract 333.04, Gaston County, North Carolina",765,92,673
15000US370710333042,"Block Group 2, Census Tract 333.04, Gaston County, North Carolina",819,25,794
15000US370710333043,"Block Group 3, Census Tract 333.04, Gaston County, North Carolina",402,0,402
15000US370710333051,"Block Group 1, Census Tract 333.05, Gaston County, North Carolina",775,112,663
15000US370710333052,"Block Group 2, Census Tract 333.05, Gaston County, North Carolina",355,11,344
15000US370710333053,"Block Group 3, Census Tract 333.05, Gaston County, North Carolina",409,29,380
15000US370710333061,"Block Group 1, Census Tract 333.06, Gaston County, North Carolina",591,75,516
15000US370710333071,"Block Group 1, Census Tract 333.07, Gaston County, North Carolina",318,20,298
15000US370710333072,"Block Group 2, Census Tract 333.07, Gaston County, North Carolina",486,84,402
15000US370710334001,"Block Group 1, Census Tract 334, Gaston County, North Carolina",490,77,413
15000US370710334002,"Block Group 2, Census Tract 334, Gaston County, North Carolina",363,88,275
15000US370710334003,"Block Group 3, Census Tract 334, Gaston County, North Carolina",214,89,125
15000US370710335001,"Block Group 1, Census Tract 335, Gaston County, North Carolina",299,114,185
15000US370710335002,"Block Group 2, Census Tract 335, Gaston County, North Carolina",432,102,330
15000US370710335003,"Block Group 3, Census Tract 335, Gaston County, North Carolina",288,32,256
15000US370710335004,"Block Group 4, Census Tract 335, Gaston County, North Carolina",965,41,924
15000US370739701001,"Block Group 1, Census Tract 9701, Gates County, North Carolina",440,73,367
15000US370739701002,"Block Group 2, Census Tract 9701, Gates County, North Carolina",350,37,313
15000US370739701003,"Block Group 3, Census Tract 9701, Gates County, North Carolina",539,6,533
15000US370739701004,"Block Group 4, Census Tract 9701, Gates County, North Carolina",381,46,335
15000US370739702001,"Block Group 1, Census Tract 9702, Gates County, North Carolina",693,69,624
15000US370739702002,"Block Group 2, Census Tract 9702, Gates County, North Carolina",492,57,435
15000US370739702003,"Block Group 3, Census Tract 9702, Gates County, North Carolina",367,11,356
15000US370739703001,"Block Group 1, Census Tract 9703, Gates County, North Carolina",519,171,348
15000US370739703002,"Block Group 2, Census Tract 9703, Gates County, North Carolina",386,56,330
15000US370739703003,"Block Group 3, Census Tract 9703, Gates County, North Carolina",471,43,428
15000US370759201001,"Block Group 1, Census Tract 9201, Graham County, North Carolina",487,85,402
15000US370759201002,"Block Group 2, Census Tract 9201, Graham County, North Carolina",556,18,538
15000US370759202001,"Block Group 1, Census Tract 9202, Graham County, North Carolina",420,51,369
15000US370759202002,"Block Group 2, Census Tract 9202, Graham County, North Carolina",551,82,469
15000US370759203001,"Block Group 1, Census Tract 9203, Graham County, North Carolina",434,36,398
15000US370759203002,"Block Group 2, Census Tract 9203, Graham County, North Carolina",399,192,207
15000US370759203003,"Block Group 3, Census Tract 9203, Graham County, North Carolina",288,95,193
15000US370759203004,"Block Group 4, Census Tract 9203, Graham County, North Carolina",258,40,218
15000US370779701011,"Block Group 1, Census Tract 9701.01, Granville County, North Carolina",441,85,356
15000US370779701012,"Block Group 2, Census Tract 9701.01, Granville County, North Carolina",941,200,741
15000US370779701013,"Block Group 3, Census Tract 9701.01, Granville County, North Carolina",512,15,497
15000US370779701021,"Block Group 1, Census Tract 9701.02, Granville County, North Carolina",786,45,741
15000US370779701022,"Block Group 2, Census Tract 9701.02, Granville County, North Carolina",602,62,540
15000US370779702001,"Block Group 1, Census Tract 9702, Granville County, North Carolina",505,48,457
15000US370779702002,"Block Group 2, Census Tract 9702, Granville County, North Carolina",186,8,178
15000US370779702003,"Block Group 3, Census Tract 9702, Granville County, North Carolina",823,98,725
15000US370779703001,"Block Group 1, Census Tract 9703, Granville County, North Carolina",614,203,411
15000US370779703002,"Block Group 2, Census Tract 9703, Granville County, North Carolina",300,121,179
15000US370779703003,"Block Group 3, Census Tract 9703, Granville County, North Carolina",587,61,526
15000US370779704001,"Block Group 1, Census Tract 9704, Granville County, North Carolina",665,102,563
15000US370779704002,"Block Group 2, Census Tract 9704, Granville County, North Carolina",569,210,359
15000US370779704003,"Block Group 3, Census Tract 9704, Granville County, North Carolina",399,188,211
15000US370779705001,"Block Group 1, Census Tract 9705, Granville County, North Carolina",764,68,696
15000US370779705002,"Block Group 2, Census Tract 9705, Granville County, North Carolina",454,9,445
15000US370779705003,"Block Group 3, Census Tract 9705, Granville County, North Carolina",400,64,336
15000US370779706011,"Block Group 1, Census Tract 9706.01, Granville County, North Carolina",1391,195,1196
15000US370779706012,"Block Group 2, Census Tract 9706.01, Granville County, North Carolina",677,48,629
15000US370779706021,"Block Group 1, Census Tract 9706.02, Granville County, North Carolina",1749,229,1520
15000US370779706022,"Block Group 2, Census Tract 9706.02, Granville County, North Carolina",1452,82,1370
15000US370779706031,"Block Group 1, Census Tract 9706.03, Granville County, North Carolina",321,28,293
15000US370779706032,"Block Group 2, Census Tract 9706.03, Granville County, North Carolina",375,0,375
15000US370779706033,"Block Group 3, Census Tract 9706.03, Granville County, North Carolina",1943,138,1805
15000US370779707011,"Block Group 1, Census Tract 9707.01, Granville County, North Carolina",334,7,327
15000US370779707012,"Block Group 2, Census Tract 9707.01, Granville County, North Carolina",1088,101,987
15000US370779707013,"Block Group 3, Census Tract 9707.01, Granville County, North Carolina",537,88,449
15000US370779707021,"Block Group 1, Census Tract 9707.02, Granville County, North Carolina",496,122,374
15000US370779707022,"Block Group 2, Census Tract 9707.02, Granville County, North Carolina",333,45,288
15000US370779707031,"Block Group 1, Census Tract 9707.03, Granville County, North Carolina",1130,140,990
15000US370779707032,"Block Group 2, Census Tract 9707.03, Granville County, North Carolina",26,0,26
15000US370779707041,"Block Group 1, Census Tract 9707.04, Granville County, North Carolina",0,0,0
15000US370799501011,"Block Group 1, Census Tract 9501.01, Greene County, North Carolina",499,87,412
15000US370799501012,"Block Group 2, Census Tract 9501.01, Greene County, North Carolina",432,83,349
15000US370799501013,"Block Group 3, Census Tract 9501.01, Greene County, North Carolina",526,59,467
15000US370799501021,"Block Group 1, Census Tract 9501.02, Greene County, North Carolina",0,0,0
15000US370799501022,"Block Group 2, Census Tract 9501.02, Greene County, North Carolina",751,160,591
15000US370799501023,"Block Group 3, Census Tract 9501.02, Greene County, North Carolina",459,54,405
15000US370799502001,"Block Group 1, Census Tract 9502, Greene County, North Carolina",360,70,290
15000US370799502002,"Block Group 2, Census Tract 9502, Greene County, North Carolina",659,105,554
15000US370799502003,"Block Group 3, Census Tract 9502, Greene County, North Carolina",683,55,628
15000US370799503001,"Block Group 1, Census Tract 9503, Greene County, North Carolina",558,175,383
15000US370799503002,"Block Group 2, Census Tract 9503, Greene County, North Carolina",526,95,431
15000US370799503003,"Block Group 3, Census Tract 9503, Greene County, North Carolina",958,358,600
15000US370799503004,"Block Group 4, Census Tract 9503, Greene County, North Carolina",753,222,531
15000US370810101001,"Block Group 1, Census Tract 101, Guilford County, North Carolina",674,194,480
15000US370810102001,"Block Group 1, Census Tract 102, Guilford County, North Carolina",979,428,551
15000US370810102002,"Block Group 2, Census Tract 102, Guilford County, North Carolina",941,287,654
15000US370810102003,"Block Group 3, Census Tract 102, Guilford County, North Carolina",551,46,505
15000US370810103001,"Block Group 1, Census Tract 103, Guilford County, North Carolina",539,126,413
15000US370810103002,"Block Group 2, Census Tract 103, Guilford County, North Carolina",352,114,238
15000US370810104011,"Block Group 1, Census Tract 104.01, Guilford County, North Carolina",438,54,384
15000US370810104012,"Block Group 2, Census Tract 104.01, Guilford County, North Carolina",346,41,305
15000US370810104031,"Block Group 1, Census Tract 104.03, Guilford County, North Carolina",412,39,373
15000US370810104032,"Block Group 2, Census Tract 104.03, Guilford County, North Carolina",359,26,333
15000US370810104041,"Block Group 1, Census Tract 104.04, Guilford County, North Carolina",339,0,339
15000US370810104042,"Block Group 2, Census Tract 104.04, Guilford County, North Carolina",168,17,151
15000US370810104043,"Block Group 3, Census Tract 104.04, Guilford County, North Carolina",487,0,487
15000US370810105001,"Block Group 1, Census Tract 105, Guilford County, North Carolina",499,105,394
15000US370810105002,"Block Group 2, Census Tract 105, Guilford County, North Carolina",291,24,267
15000US370810105003,"Block Group 3, Census Tract 105, Guilford County, North Carolina",373,24,349
15000US370810106011,"Block Group 1, Census Tract 106.01, Guilford County, North Carolina",498,112,386
15000US370810106012,"Block Group 2, Census Tract 106.01, Guilford County, North Carolina",710,97,613
15000US370810106021,"Block Group 1, Census Tract 106.02, Guilford County, North Carolina",510,35,475
15000US370810106022,"Block Group 2, Census Tract 106.02, Guilford County, North Carolina",334,155,179
15000US370810106023,"Block Group 3, Census Tract 106.02, Guilford County, North Carolina",369,83,286
15000US370810106024,"Block Group 4, Census Tract 106.02, Guilford County, North Carolina",414,307,107
15000US370810107011,"Block Group 1, Census Tract 107.01, Guilford County, North Carolina",484,38,446
15000US370810107012,"Block Group 2, Census Tract 107.01, Guilford County, North Carolina",385,49,336
15000US370810107021,"Block Group 1, Census Tract 107.02, Guilford County, North Carolina",232,92,140
15000US370810107022,"Block Group 2, Census Tract 107.02, Guilford County, North Carolina",534,180,354
15000US370810107023,"Block Group 3, Census Tract 107.02, Guilford County, North Carolina",0,0,0
15000US370810108001,"Block Group 1, Census Tract 108, Guilford County, North Carolina",471,51,420
15000US370810108002,"Block Group 2, Census Tract 108, Guilford County, North Carolina",786,159,627
15000US370810109001,"Block Group 1, Census Tract 109, Guilford County, North Carolina",332,84,248
15000US370810109002,"Block Group 2, Census Tract 109, Guilford County, North Carolina",565,47,518
15000US370810110001,"Block Group 1, Census Tract 110, Guilford County, North Carolina",260,142,118
15000US370810110002,"Block Group 2, Census Tract 110, Guilford County, North Carolina",268,114,154
15000US370810110003,"Block Group 3, Census Tract 110, Guilford County, North Carolina",26,26,0
15000US370810111011,"Block Group 1, Census Tract 111.01, Guilford County, North Carolina",870,218,652
15000US370810111012,"Block Group 2, Census Tract 111.01, Guilford County, North Carolina",724,361,363
15000US370810111021,"Block Group 1, Census Tract 111.02, Guilford County, North Carolina",587,78,509
15000US370810111022,"Block Group 2, Census Tract 111.02, Guilford County, North Carolina",488,132,356
15000US370810112001,"Block Group 1, Census Tract 112, Guilford County, North Carolina",806,350,456
15000US370810112002,"Block Group 2, Census Tract 112, Guilford County, North Carolina",284,20,264
15000US370810112003,"Block Group 3, Census Tract 112, Guilford County, North Carolina",578,220,358
15000US370810112004,"Block Group 4, Census Tract 112, Guilford County, North Carolina",554,316,238
15000US370810113001,"Block Group 1, Census Tract 113, Guilford County, North Carolina",307,134,173
15000US370810113002,"Block Group 2, Census Tract 113, Guilford County, North Carolina",330,70,260
15000US370810113003,"Block Group 3, Census Tract 113, Guilford County, North Carolina",272,123,149
15000US370810113004,"Block Group 4, Census Tract 113, Guilford County, North Carolina",339,98,241
15000US370810114001,"Block Group 1, Census Tract 114, Guilford County, North Carolina",269,183,86
15000US370810114002,"Block Group 2, Census Tract 114, Guilford County, North Carolina",320,217,103
15000US370810114003,"Block Group 3, Census Tract 114, Guilford County, North Carolina",505,368,137
15000US370810114004,"Block Group 4, Census Tract 114, Guilford County, North Carolina",150,67,83
15000US370810114005,"Block Group 5, Census Tract 114, Guilford County, North Carolina",303,37,266
15000US370810114006,"Block Group 6, Census Tract 114, Guilford County, North Carolina",289,99,190
15000US370810115001,"Block Group 1, Census Tract 115, Guilford County, North Carolina",336,147,189
15000US370810115002,"Block Group 2, Census Tract 115, Guilford County, North Carolina",451,58,393
15000US370810115003,"Block Group 3, Census Tract 115, Guilford County, North Carolina",325,57,268
15000US370810116011,"Block Group 1, Census Tract 116.01, Guilford County, North Carolina",318,61,257
15000US370810116012,"Block Group 2, Census Tract 116.01, Guilford County, North Carolina",359,77,282
15000US370810116013,"Block Group 3, Census Tract 116.01, Guilford County, North Carolina",237,87,150
15000US370810116021,"Block Group 1, Census Tract 116.02, Guilford County, North Carolina",326,171,155
15000US370810116022,"Block Group 2, Census Tract 116.02, Guilford County, North Carolina",616,79,537
15000US370810116023,"Block Group 3, Census Tract 116.02, Guilford County, North Carolina",243,0,243
15000US370810119041,"Block Group 1, Census Tract 119.04, Guilford County, North Carolina",794,157,637
15000US370810119042,"Block Group 2, Census Tract 119.04, Guilford County, North Carolina",1207,304,903
15000US370810119051,"Block Group 1, Census Tract 119.05, Guilford County, North Carolina",637,152,485
15000US370810119052,"Block Group 2, Census Tract 119.05, Guilford County, North Carolina",412,84,328
15000US370810119053,"Block Group 3, Census Tract 119.05, Guilford County, North Carolina",662,85,577
15000US370810125031,"Block Group 1, Census Tract 125.03, Guilford County, North Carolina",769,79,690
15000US370810125032,"Block Group 2, Census Tract 125.03, Guilford County, North Carolina",1191,73,1118
15000US370810125041,"Block Group 1, Census Tract 125.04, Guilford County, North Carolina",713,156,557
15000US370810125042,"Block Group 2, Census Tract 125.04, Guilford County, North Carolina",743,115,628
15000US370810125051,"Block Group 1, Census Tract 125.05, Guilford County, North Carolina",587,17,570
15000US370810125052,"Block Group 2, Census Tract 125.05, Guilford County, North Carolina",534,23,511
15000US370810125053,"Block Group 3, Census Tract 125.05, Guilford County, North Carolina",718,9,709
15000US370810125081,"Block Group 1, Census Tract 125.08, Guilford County, North Carolina",281,0,281
15000US370810125082,"Block Group 2, Census Tract 125.08, Guilford County, North Carolina",491,121,370
15000US370810125083,"Block Group 3, Census Tract 125.08, Guilford County, North Carolina",281,11,270
15000US370810125084,"Block Group 4, Census Tract 125.08, Guilford County, North Carolina",530,17,513
15000US370810125091,"Block Group 1, Census Tract 125.09, Guilford County, North Carolina",1005,50,955
15000US370810125101,"Block Group 1, Census Tract 125.10, Guilford County, North Carolina",524,0,524
15000US370810125102,"Block Group 2, Census Tract 125.10, Guilford County, North Carolina",715,33,682
15000US370810125111,"Block Group 1, Census Tract 125.11, Guilford County, North Carolina",620,14,606
15000US370810125112,"Block Group 2, Census Tract 125.11, Guilford County, North Carolina",539,0,539
15000US370810125113,"Block Group 3, Census Tract 125.11, Guilford County, North Carolina",545,17,528
15000US370810125114,"Block Group 4, Census Tract 125.11, Guilford County, North Carolina",215,21,194
15000US370810126011,"Block Group 1, Census Tract 126.01, Guilford County, North Carolina",627,116,511
15000US370810126012,"Block Group 2, Census Tract 126.01, Guilford County, North Carolina",1394,0,1394
15000US370810126013,"Block Group 3, Census Tract 126.01, Guilford County, North Carolina",372,71,301
15000US370810126014,"Block Group 4, Census Tract 126.01, Guilford County, North Carolina",838,233,605
15000US370810126041,"Block Group 1, Census Tract 126.04, Guilford County, North Carolina",502,73,429
15000US370810126042,"Block Group 2, Census Tract 126.04, Guilford County, North Carolina",286,86,200
15000US370810126043,"Block Group 3, Census Tract 126.04, Guilford County, North Carolina",662,124,538
15000US370810126044,"Block Group 4, Census Tract 126.04, Guilford County, North Carolina",267,120,147
15000US370810126071,"Block Group 1, Census Tract 126.07, Guilford County, North Carolina",869,101,768
15000US370810126081,"Block Group 1, Census Tract 126.08, Guilford County, North Carolina",1027,312,715
15000US370810126091,"Block Group 1, Census Tract 126.09, Guilford County, North Carolina",1038,156,882
15000US370810126092,"Block Group 2, Census Tract 126.09, Guilford County, North Carolina",1090,379,711
15000US370810126093,"Block Group 3, Census Tract 126.09, Guilford County, North Carolina",1034,191,843
15000US370810126094,"Block Group 4, Census Tract 126.09, Guilford County, North Carolina",182,32,150
15000US370810126101,"Block Group 1, Census Tract 126.10, Guilford County, North Carolina",577,62,515
15000US370810126102,"Block Group 2, Census Tract 126.10, Guilford County, North Carolina",665,71,594
15000US370810126111,"Block Group 1, Census Tract 126.11, Guilford County, North Carolina",1104,222,882
15000US370810126112,"Block Group 2, Census Tract 126.11, Guilford County, North Carolina",661,116,545
15000US370810126121,"Block Group 1, Census Tract 126.12, Guilford County, North Carolina",1276,220,1056
15000US370810126122,"Block Group 2, Census Tract 126.12, Guilford County, North Carolina",434,41,393
15000US370810126123,"Block Group 3, Census Tract 126.12, Guilford County, North Carolina",812,237,575
15000US370810126171,"Block Group 1, Census Tract 126.17, Guilford County, North Carolina",937,165,772
15000US370810126172,"Block Group 2, Census Tract 126.17, Guilford County, North Carolina",369,86,283
15000US370810127031,"Block Group 1, Census Tract 127.03, Guilford County, North Carolina",610,40,570
15000US370810127032,"Block Group 2, Census Tract 127.03, Guilford County, North Carolina",638,120,518
15000US370810127033,"Block Group 3, Census Tract 127.03, Guilford County, North Carolina",661,144,517
15000US370810127041,"Block Group 1, Census Tract 127.04, Guilford County, North Carolina",359,130,229
15000US370810127042,"Block Group 2, Census Tract 127.04, Guilford County, North Carolina",511,139,372
15000US370810127043,"Block Group 3, Census Tract 127.04, Guilford County, North Carolina",588,117,471
15000US370810127051,"Block Group 1, Census Tract 127.05, Guilford County, North Carolina",541,220,321
15000US370810127052,"Block Group 2, Census Tract 127.05, Guilford County, North Carolina",1008,84,924
15000US370810127061,"Block Group 1, Census Tract 127.06, Guilford County, North Carolina",816,312,504
15000US370810127062,"Block Group 2, Census Tract 127.06, Guilford County, North Carolina",435,118,317
15000US370810127071,"Block Group 1, Census Tract 127.07, Guilford County, North Carolina",351,237,114
15000US370810127072,"Block Group 2, Census Tract 127.07, Guilford County, North Carolina",610,188,422
15000US370810128031,"Block Group 1, Census Tract 128.03, Guilford County, North Carolina",1110,252,858
15000US370810128032,"Block Group 2, Census Tract 128.03, Guilford County, North Carolina",1711,190,1521
15000US370810128041,"Block Group 1, Census Tract 128.04, Guilford County, North Carolina",660,55,605
15000US370810128042,"Block Group 2, Census Tract 128.04, Guilford County, North Carolina",1164,255,909
15000US370810128051,"Block Group 1, Census Tract 128.05, Guilford County, North Carolina",1298,303,995
15000US370810136011,"Block Group 1, Census Tract 136.01, Guilford County, North Carolina",445,110,335
15000US370810136012,"Block Group 2, Census Tract 136.01, Guilford County, North Carolina",0,0,0
15000US370810136021,"Block Group 1, Census Tract 136.02, Guilford County, North Carolina",391,82,309
15000US370810136022,"Block Group 2, Census Tract 136.02, Guilford County, North Carolina",186,93,93
15000US370810136023,"Block Group 3, Census Tract 136.02, Guilford County, North Carolina",332,58,274
15000US370810136024,"Block Group 4, Census Tract 136.02, Guilford County, North Carolina",458,89,369
15000US370810137001,"Block Group 1, Census Tract 137, Guilford County, North Carolina",366,10,356
15000US370810137002,"Block Group 2, Census Tract 137, Guilford County, North Carolina",289,34,255
15000US370810137003,"Block Group 3, Census Tract 137, Guilford County, North Carolina",391,62,329
15000US370810137004,"Block Group 4, Census Tract 137, Guilford County, North Carolina",270,9,261
15000US370810137005,"Block Group 5, Census Tract 137, Guilford County, North Carolina",333,92,241
15000US370810138001,"Block Group 1, Census Tract 138, Guilford County, North Carolina",290,104,186
15000US370810138002,"Block Group 2, Census Tract 138, Guilford County, North Carolina",286,0,286
15000US370810138003,"Block Group 3, Census Tract 138, Guilford County, North Carolina",294,28,266
15000US370810138004,"Block Group 4, Census Tract 138, Guilford County, North Carolina",184,125,59
15000US370810138005,"Block Group 5, Census Tract 138, Guilford County, North Carolina",520,235,285
15000US370810139001,"Block Group 1, Census Tract 139, Guilford County, North Carolina",317,191,126
15000US370810139002,"Block Group 2, Census Tract 139, Guilford County, North Carolina",461,243,218
15000US370810139003,"Block Group 3, Census Tract 139, Guilford County, North Carolina",208,45,163
15000US370810139004,"Block Group 4, Census Tract 139, Guilford County, North Carolina",559,196,363
15000US370810140001,"Block Group 1, Census Tract 140, Guilford County, North Carolina",344,134,210
15000US370810140002,"Block Group 2, Census Tract 140, Guilford County, North Carolina",756,114,642
15000US370810142001,"Block Group 1, Census Tract 142, Guilford County, North Carolina",442,107,335
15000US370810142002,"Block Group 2, Census Tract 142, Guilford County, North Carolina",259,78,181
15000US370810142003,"Block Group 3, Census Tract 142, Guilford County, North Carolina",478,163,315
15000US370810142004,"Block Group 4, Census Tract 142, Guilford County, North Carolina",392,140,252
15000US370810143001,"Block Group 1, Census Tract 143, Guilford County, North Carolina",315,88,227
15000US370810143002,"Block Group 2, Census Tract 143, Guilford County, North Carolina",179,97,82
15000US370810143003,"Block Group 3, Census Tract 143, Guilford County, North Carolina",353,178,175
15000US370810143004,"Block Group 4, Census Tract 143, Guilford County, North Carolina",229,69,160
15000US370810144061,"Block Group 1, Census Tract 144.06, Guilford County, North Carolina",906,191,715
15000US370810144071,"Block Group 1, Census Tract 144.07, Guilford County, North Carolina",935,140,795
15000US370810144072,"Block Group 2, Census Tract 144.07, Guilford County, North Carolina",905,15,890
15000US370810144073,"Block Group 3, Census Tract 144.07, Guilford County, North Carolina",541,90,451
15000US370810144081,"Block Group 1, Census Tract 144.08, Guilford County, North Carolina",843,251,592
15000US370810144091,"Block Group 1, Census Tract 144.09, Guilford County, North Carolina",505,56,449
15000US370810144092,"Block Group 2, Census Tract 144.09, Guilford County, North Carolina",707,99,608
15000US370810144101,"Block Group 1, Census Tract 144.10, Guilford County, North Carolina",504,19,485
15000US370810144102,"Block Group 2, Census Tract 144.10, Guilford County, North Carolina",548,89,459
15000US370810144103,"Block Group 3, Census Tract 144.10, Guilford County, North Carolina",721,115,606
15000US370810144111,"Block Group 1, Census Tract 144.11, Guilford County, North Carolina",445,55,390
15000US370810144112,"Block Group 2, Census Tract 144.11, Guilford County, North Carolina",654,75,579
15000US370810144113,"Block Group 3, Census Tract 144.11, Guilford County, North Carolina",923,212,711
15000US370810144121,"Block Group 1, Census Tract 144.12, Guilford County, North Carolina",610,56,554
15000US370810144122,"Block Group 2, Census Tract 144.12, Guilford County, North Carolina",538,86,452
15000US370810145011,"Block Group 1, Census Tract 145.01, Guilford County, North Carolina",283,83,200
15000US370810145012,"Block Group 2, Census Tract 145.01, Guilford County, North Carolina",175,84,91
15000US370810145021,"Block Group 1, Census Tract 145.02, Guilford County, North Carolina",961,118,843
15000US370810145022,"Block Group 2, Census Tract 145.02, Guilford County, North Carolina",865,197,668
15000US370810145031,"Block Group 1, Census Tract 145.03, Guilford County, North Carolina",879,268,611
15000US370810145032,"Block Group 2, Census Tract 145.03, Guilford County, North Carolina",434,161,273
15000US370810151001,"Block Group 1, Census Tract 151, Guilford County, North Carolina",683,63,620
15000US370810151002,"Block Group 2, Census Tract 151, Guilford County, North Carolina",1047,65,982
15000US370810152001,"Block Group 1, Census Tract 152, Guilford County, North Carolina",352,37,315
15000US370810152002,"Block Group 2, Census Tract 152, Guilford County, North Carolina",831,197,634
15000US370810152003,"Block Group 3, Census Tract 152, Guilford County, North Carolina",1788,110,1678
15000US370810152004,"Block Group 4, Census Tract 152, Guilford County, North Carolina",324,0,324
15000US370810153001,"Block Group 1, Census Tract 153, Guilford County, North Carolina",1172,100,1072
15000US370810153002,"Block Group 2, Census Tract 153, Guilford County, North Carolina",970,33,937
15000US370810153003,"Block Group 3, Census Tract 153, Guilford County, North Carolina",1446,125,1321
15000US370810154011,"Block Group 1, Census Tract 154.01, Guilford County, North Carolina",1481,44,1437
15000US370810154012,"Block Group 2, Census Tract 154.01, Guilford County, North Carolina",652,91,561
15000US370810154021,"Block Group 1, Census Tract 154.02, Guilford County, North Carolina",285,37,248
15000US370810154022,"Block Group 2, Census Tract 154.02, Guilford County, North Carolina",493,27,466
15000US370810154023,"Block Group 3, Census Tract 154.02, Guilford County, North Carolina",685,381,304
15000US370810154024,"Block Group 4, Census Tract 154.02, Guilford County, North Carolina",1179,167,1012
15000US370810155001,"Block Group 1, Census Tract 155, Guilford County, North Carolina",1825,171,1654
15000US370810155002,"Block Group 2, Census Tract 155, Guilford County, North Carolina",600,60,540
15000US370810156001,"Block Group 1, Census Tract 156, Guilford County, North Carolina",1603,60,1543
15000US370810156002,"Block Group 2, Census Tract 156, Guilford County, North Carolina",1628,139,1489
15000US370810156003,"Block Group 3, Census Tract 156, Guilford County, North Carolina",326,0,326
15000US370810157031,"Block Group 1, Census Tract 157.03, Guilford County, North Carolina",917,64,853
15000US370810157032,"Block Group 2, Census Tract 157.03, Guilford County, North Carolina",1069,104,965
15000US370810157033,"Block Group 3, Census Tract 157.03, Guilford County, North Carolina",594,82,512
15000US370810157041,"Block Group 1, Census Tract 157.04, Guilford County, North Carolina",1672,152,1520
15000US370810157042,"Block Group 2, Census Tract 157.04, Guilford County, North Carolina",1162,90,1072
15000US370810157051,"Block Group 1, Census Tract 157.05, Guilford County, North Carolina",333,108,225
15000US370810157052,"Block Group 2, Census Tract 157.05, Guilford County, North Carolina",987,150,837
15000US370810157053,"Block Group 3, Census Tract 157.05, Guilford County, North Carolina",453,46,407
15000US370810157061,"Block Group 1, Census Tract 157.06, Guilford County, North Carolina",1698,78,1620
15000US370810157062,"Block Group 2, Census Tract 157.06, Guilford County, North Carolina",550,36,514
15000US370810157071,"Block Group 1, Census Tract 157.07, Guilford County, North Carolina",1114,28,1086
15000US370810157072,"Block Group 2, Census Tract 157.07, Guilford County, North Carolina",593,136,457
15000US370810157073,"Block Group 3, Census Tract 157.07, Guilford County, North Carolina",1199,156,1043
15000US370810158001,"Block Group 1, Census Tract 158, Guilford County, North Carolina",1561,223,1338
15000US370810158002,"Block Group 2, Census Tract 158, Guilford County, North Carolina",373,0,373
15000US370810158003,"Block Group 3, Census Tract 158, Guilford County, North Carolina",1100,62,1038
15000US370810159011,"Block Group 1, Census Tract 159.01, Guilford County, North Carolina",1079,93,986
15000US370810159012,"Block Group 2, Census Tract 159.01, Guilford County, North Carolina",884,121,763
15000US370810159021,"Block Group 1, Census Tract 159.02, Guilford County, North Carolina",1426,48,1378
15000US370810160031,"Block Group 1, Census Tract 160.03, Guilford County, North Carolina",1114,113,1001
15000US370810160032,"Block Group 2, Census Tract 160.03, Guilford County, North Carolina",613,14,599
15000US370810160051,"Block Group 1, Census Tract 160.05, Guilford County, North Carolina",734,56,678
15000US370810160061,"Block Group 1, Census Tract 160.06, Guilford County, North Carolina",646,21,625
15000US370810160062,"Block Group 2, Census Tract 160.06, Guilford County, North Carolina",1345,164,1181
15000US370810160071,"Block Group 1, Census Tract 160.07, Guilford County, North Carolina",1417,144,1273
15000US370810160072,"Block Group 2, Census Tract 160.07, Guilford County, North Carolina",637,88,549
15000US370810160073,"Block Group 3, Census Tract 160.07, Guilford County, North Carolina",476,16,460
15000US370810160081,"Block Group 1, Census Tract 160.08, Guilford County, North Carolina",1232,0,1232
15000US370810160082,"Block Group 2, Census Tract 160.08, Guilford County, North Carolina",1215,102,1113
15000US370810160083,"Block Group 3, Census Tract 160.08, Guilford County, North Carolina",367,0,367
15000US370810160091,"Block Group 1, Census Tract 160.09, Guilford County, North Carolina",824,18,806
15000US370810160092,"Block Group 2, Census Tract 160.09, Guilford County, North Carolina",642,36,606
15000US370810160101,"Block Group 1, Census Tract 160.10, Guilford County, North Carolina",724,74,650
15000US370810160102,"Block Group 2, Census Tract 160.10, Guilford County, North Carolina",673,20,653
15000US370810160111,"Block Group 1, Census Tract 160.11, Guilford County, North Carolina",1109,98,1011
15000US370810160112,"Block Group 2, Census Tract 160.11, Guilford County, North Carolina",640,75,565
15000US370810160113,"Block Group 3, Census Tract 160.11, Guilford County, North Carolina",614,37,577
15000US370810160114,"Block Group 4, Census Tract 160.11, Guilford County, North Carolina",608,70,538
15000US370810161011,"Block Group 1, Census Tract 161.01, Guilford County, North Carolina",1486,170,1316
15000US370810161012,"Block Group 2, Census Tract 161.01, Guilford County, North Carolina",354,41,313
15000US370810161021,"Block Group 1, Census Tract 161.02, Guilford County, North Carolina",740,92,648
15000US370810161022,"Block Group 2, Census Tract 161.02, Guilford County, North Carolina",654,105,549
15000US370810161023,"Block Group 3, Census Tract 161.02, Guilford County, North Carolina",562,66,496
15000US370810161031,"Block Group 1, Census Tract 161.03, Guilford County, North Carolina",1136,115,1021
15000US370810161032,"Block Group 2, Census Tract 161.03, Guilford County, North Carolina",765,165,600
15000US370810161033,"Block Group 3, Census Tract 161.03, Guilford County, North Carolina",726,44,682
15000US370810162011,"Block Group 1, Census Tract 162.01, Guilford County, North Carolina",1356,75,1281
15000US370810162012,"Block Group 2, Census Tract 162.01, Guilford County, North Carolina",906,55,851
15000US370810162031,"Block Group 1, Census Tract 162.03, Guilford County, North Carolina",1865,63,1802
15000US370810162041,"Block Group 1, Census Tract 162.04, Guilford County, North Carolina",1428,82,1346
15000US370810162051,"Block Group 1, Census Tract 162.05, Guilford County, North Carolina",1535,81,1454
15000US370810163031,"Block Group 1, Census Tract 163.03, Guilford County, North Carolina",822,46,776
15000US370810163032,"Block Group 2, Census Tract 163.03, Guilford County, North Carolina",491,18,473
15000US370810163041,"Block Group 1, Census Tract 163.04, Guilford County, North Carolina",1418,8,1410
15000US370810163051,"Block Group 1, Census Tract 163.05, Guilford County, North Carolina",396,19,377
15000US370810163052,"Block Group 2, Census Tract 163.05, Guilford County, North Carolina",873,24,849
15000US370810163061,"Block Group 1, Census Tract 163.06, Guilford County, North Carolina",2450,110,2340
15000US370810164051,"Block Group 1, Census Tract 164.05, Guilford County, North Carolina",895,129,766
15000US370810164061,"Block Group 1, Census Tract 164.06, Guilford County, North Carolina",1988,228,1760
15000US370810164071,"Block Group 1, Census Tract 164.07, Guilford County, North Carolina",606,85,521
15000US370810164072,"Block Group 2, Census Tract 164.07, Guilford County, North Carolina",988,40,948
15000US370810164081,"Block Group 1, Census Tract 164.08, Guilford County, North Carolina",779,43,736
15000US370810164091,"Block Group 1, Census Tract 164.09, Guilford County, North Carolina",1051,33,1018
15000US370810164101,"Block Group 1, Census Tract 164.10, Guilford County, North Carolina",782,183,599
15000US370810164102,"Block Group 2, Census Tract 164.10, Guilford County, North Carolina",1462,144,1318
15000US370810165021,"Block Group 1, Census Tract 165.02, Guilford County, North Carolina",456,84,372
15000US370810165022,"Block Group 2, Census Tract 165.02, Guilford County, North Carolina",907,91,816
15000US370810165023,"Block Group 3, Census Tract 165.02, Guilford County, North Carolina",785,46,739
15000US370810165024,"Block Group 4, Census Tract 165.02, Guilford County, North Carolina",322,20,302
15000US370810165031,"Block Group 1, Census Tract 165.03, Guilford County, North Carolina",1543,33,1510
15000US370810165032,"Block Group 2, Census Tract 165.03, Guilford County, North Carolina",1050,117,933
15000US370810165051,"Block Group 1, Census Tract 165.05, Guilford County, North Carolina",1060,0,1060
15000US370810165052,"Block Group 2, Census Tract 165.05, Guilford County, North Carolina",1417,187,1230
15000US370810165061,"Block Group 1, Census Tract 165.06, Guilford County, North Carolina",424,27,397
15000US370810165062,"Block Group 2, Census Tract 165.06, Guilford County, North Carolina",867,72,795
15000US370810165063,"Block Group 3, Census Tract 165.06, Guilford County, North Carolina",522,46,476
15000US370810166001,"Block Group 1, Census Tract 166, Guilford County, North Carolina",867,135,732
15000US370810167011,"Block Group 1, Census Tract 167.01, Guilford County, North Carolina",1196,19,1177
15000US370810167012,"Block Group 2, Census Tract 167.01, Guilford County, North Carolina",502,55,447
15000US370810167013,"Block Group 3, Census Tract 167.01, Guilford County, North Carolina",567,116,451
15000US370810167021,"Block Group 1, Census Tract 167.02, Guilford County, North Carolina",798,76,722
15000US370810167022,"Block Group 2, Census Tract 167.02, Guilford County, North Carolina",695,108,587
15000US370810168001,"Block Group 1, Census Tract 168, Guilford County, North Carolina",537,30,507
15000US370810168002,"Block Group 2, Census Tract 168, Guilford County, North Carolina",1414,280,1134
15000US370810168003,"Block Group 3, Census Tract 168, Guilford County, North Carolina",418,84,334
15000US370810168004,"Block Group 4, Census Tract 168, Guilford County, North Carolina",680,30,650
15000US370810169001,"Block Group 1, Census Tract 169, Guilford County, North Carolina",936,61,875
15000US370810169002,"Block Group 2, Census Tract 169, Guilford County, North Carolina",857,100,757
15000US370810170001,"Block Group 1, Census Tract 170, Guilford County, North Carolina",690,62,628
15000US370810170002,"Block Group 2, Census Tract 170, Guilford County, North Carolina",1079,87,992
15000US370810171001,"Block Group 1, Census Tract 171, Guilford County, North Carolina",949,102,847
15000US370810171002,"Block Group 2, Census Tract 171, Guilford County, North Carolina",1280,52,1228
15000US370810171003,"Block Group 3, Census Tract 171, Guilford County, North Carolina",657,34,623
15000US370810172001,"Block Group 1, Census Tract 172, Guilford County, North Carolina",1262,98,1164
15000US370810172002,"Block Group 2, Census Tract 172, Guilford County, North Carolina",812,118,694
15000US370810172003,"Block Group 3, Census Tract 172, Guilford County, North Carolina",1032,82,950
15000US370819801001,"Block Group 1, Census Tract 9801, Guilford County, North Carolina",0,0,0
15000US370839301001,"Block Group 1, Census Tract 9301, Halifax County, North Carolina",233,69,164
15000US370839301002,"Block Group 2, Census Tract 9301, Halifax County, North Carolina",365,191,174
15000US370839301003,"Block Group 3, Census Tract 9301, Halifax County, North Carolina",294,50,244
15000US370839301004,"Block Group 4, Census Tract 9301, Halifax County, North Carolina",436,97,339
15000US370839302001,"Block Group 1, Census Tract 9302, Halifax County, North Carolina",352,14,338
15000US370839302002,"Block Group 2, Census Tract 9302, Halifax County, North Carolina",262,36,226
15000US370839302003,"Block Group 3, Census Tract 9302, Halifax County, North Carolina",240,13,227
15000US370839302004,"Block Group 4, Census Tract 9302, Halifax County, North Carolina",686,26,660
15000US370839302005,"Block Group 5, Census Tract 9302, Halifax County, North Carolina",642,104,538
15000US370839303001,"Block Group 1, Census Tract 9303, Halifax County, North Carolina",268,73,195
15000US370839303002,"Block Group 2, Census Tract 9303, Halifax County, North Carolina",312,112,200
15000US370839303003,"Block Group 3, Census Tract 9303, Halifax County, North Carolina",500,121,379
15000US370839303004,"Block Group 4, Census Tract 9303, Halifax County, North Carolina",425,41,384
15000US370839303005,"Block Group 5, Census Tract 9303, Halifax County, North Carolina",163,112,51
15000US370839304001,"Block Group 1, Census Tract 9304, Halifax County, North Carolina",648,328,320
15000US370839304002,"Block Group 2, Census Tract 9304, Halifax County, North Carolina",333,70,263
15000US370839304003,"Block Group 3, Census Tract 9304, Halifax County, North Carolina",401,60,341
15000US370839305011,"Block Group 1, Census Tract 9305.01, Halifax County, North Carolina",657,80,577
15000US370839305012,"Block Group 2, Census Tract 9305.01, Halifax County, North Carolina",470,162,308
15000US370839305013,"Block Group 3, Census Tract 9305.01, Halifax County, North Carolina",487,186,301
15000US370839305021,"Block Group 1, Census Tract 9305.02, Halifax County, North Carolina",425,32,393
15000US370839305022,"Block Group 2, Census Tract 9305.02, Halifax County, North Carolina",475,124,351
15000US370839305023,"Block Group 3, Census Tract 9305.02, Halifax County, North Carolina",601,260,341
15000US370839305024,"Block Group 4, Census Tract 9305.02, Halifax County, North Carolina",724,142,582
15000US370839306001,"Block Group 1, Census Tract 9306, Halifax County, North Carolina",973,369,604
15000US370839306002,"Block Group 2, Census Tract 9306, Halifax County, North Carolina",529,122,407
15000US370839306003,"Block Group 3, Census Tract 9306, Halifax County, North Carolina",246,39,207
15000US370839307001,"Block Group 1, Census Tract 9307, Halifax County, North Carolina",552,41,511
15000US370839307002,"Block Group 2, Census Tract 9307, Halifax County, North Carolina",362,53,309
15000US370839307003,"Block Group 3, Census Tract 9307, Halifax County, North Carolina",338,106,232
15000US370839307004,"Block Group 4, Census Tract 9307, Halifax County, North Carolina",552,174,378
15000US370839308001,"Block Group 1, Census Tract 9308, Halifax County, North Carolina",300,102,198
15000US370839308002,"Block Group 2, Census Tract 9308, Halifax County, North Carolina",535,203,332
15000US370839308003,"Block Group 3, Census Tract 9308, Halifax County, North Carolina",471,84,387
15000US370839308004,"Block Group 4, Census Tract 9308, Halifax County, North Carolina",737,183,554
15000US370839309001,"Block Group 1, Census Tract 9309, Halifax County, North Carolina",259,98,161
15000US370839309002,"Block Group 2, Census Tract 9309, Halifax County, North Carolina",391,132,259
15000US370839309003,"Block Group 3, Census Tract 9309, Halifax County, North Carolina",277,103,174
15000US370839309004,"Block Group 4, Census Tract 9309, Halifax County, North Carolina",420,159,261
15000US370839309005,"Block Group 5, Census Tract 9309, Halifax County, North Carolina",345,165,180
15000US370839309006,"Block Group 6, Census Tract 9309, Halifax County, North Carolina",381,52,329
15000US370839310001,"Block Group 1, Census Tract 9310, Halifax County, North Carolina",484,52,432
15000US370839310002,"Block Group 2, Census Tract 9310, Halifax County, North Carolina",360,129,231
15000US370839310003,"Block Group 3, Census Tract 9310, Halifax County, North Carolina",183,20,163
15000US370839311001,"Block Group 1, Census Tract 9311, Halifax County, North Carolina",388,60,328
15000US370839311002,"Block Group 2, Census Tract 9311, Halifax County, North Carolina",182,28,154
15000US370839311003,"Block Group 3, Census Tract 9311, Halifax County, North Carolina",146,75,71
15000US370839311004,"Block Group 4, Census Tract 9311, Halifax County, North Carolina",113,40,73
15000US370839311005,"Block Group 5, Census Tract 9311, Halifax County, North Carolina",326,75,251
15000US370839311006,"Block Group 6, Census Tract 9311, Halifax County, North Carolina",286,0,286
15000US370839311007,"Block Group 7, Census Tract 9311, Halifax County, North Carolina",482,126,356
15000US370850701001,"Block Group 1, Census Tract 701, Harnett County, North Carolina",536,83,453
15000US370850701002,"Block Group 2, Census Tract 701, Harnett County, North Carolina",387,152,235
15000US370850701003,"Block Group 3, Census Tract 701, Harnett County, North Carolina",874,244,630
15000US370850702001,"Block Group 1, Census Tract 702, Harnett County, North Carolina",240,49,191
15000US370850702002,"Block Group 2, Census Tract 702, Harnett County, North Carolina",613,116,497
15000US370850702003,"Block Group 3, Census Tract 702, Harnett County, North Carolina",490,200,290
15000US370850703001,"Block Group 1, Census Tract 703, Harnett County, North Carolina",644,98,546
15000US370850703002,"Block Group 2, Census Tract 703, Harnett County, North Carolina",221,70,151
15000US370850703003,"Block Group 3, Census Tract 703, Harnett County, North Carolina",402,53,349
15000US370850703004,"Block Group 4, Census Tract 703, Harnett County, North Carolina",845,216,629
15000US370850704011,"Block Group 1, Census Tract 704.01, Harnett County, North Carolina",716,146,570
15000US370850704012,"Block Group 2, Census Tract 704.01, Harnett County, North Carolina",830,101,729
15000US370850704021,"Block Group 1, Census Tract 704.02, Harnett County, North Carolina",1209,115,1094
15000US370850704022,"Block Group 2, Census Tract 704.02, Harnett County, North Carolina",532,91,441
15000US370850704023,"Block Group 3, Census Tract 704.02, Harnett County, North Carolina",785,213,572
15000US370850705001,"Block Group 1, Census Tract 705, Harnett County, North Carolina",580,87,493
15000US370850705002,"Block Group 2, Census Tract 705, Harnett County, North Carolina",751,137,614
15000US370850705003,"Block Group 3, Census Tract 705, Harnett County, North Carolina",685,119,566
15000US370850705004,"Block Group 4, Census Tract 705, Harnett County, North Carolina",413,50,363
15000US370850706001,"Block Group 1, Census Tract 706, Harnett County, North Carolina",848,123,725
15000US370850706002,"Block Group 2, Census Tract 706, Harnett County, North Carolina",918,129,789
15000US370850707001,"Block Group 1, Census Tract 707, Harnett County, North Carolina",1049,227,822
15000US370850707002,"Block Group 2, Census Tract 707, Harnett County, North Carolina",313,58,255
15000US370850707003,"Block Group 3, Census Tract 707, Harnett County, North Carolina",253,40,213
15000US370850708011,"Block Group 1, Census Tract 708.01, Harnett County, North Carolina",899,172,727
15000US370850708021,"Block Group 1, Census Tract 708.02, Harnett County, North Carolina",282,15,267
15000US370850708022,"Block Group 2, Census Tract 708.02, Harnett County, North Carolina",977,400,577
15000US370850709011,"Block Group 1, Census Tract 709.01, Harnett County, North Carolina",1149,55,1094
15000US370850709021,"Block Group 1, Census Tract 709.02, Harnett County, North Carolina",1043,73,970
15000US370850709031,"Block Group 1, Census Tract 709.03, Harnett County, North Carolina",850,81,769
15000US370850709041,"Block Group 1, Census Tract 709.04, Harnett County, North Carolina",472,68,404
15000US370850709042,"Block Group 2, Census Tract 709.04, Harnett County, North Carolina",886,83,803
15000US370850710011,"Block Group 1, Census Tract 710.01, Harnett County, North Carolina",1080,66,1014
15000US370850710012,"Block Group 2, Census Tract 710.01, Harnett County, North Carolina",880,85,795
15000US370850710021,"Block Group 1, Census Tract 710.02, Harnett County, North Carolina",874,60,814
15000US370850710022,"Block Group 2, Census Tract 710.02, Harnett County, North Carolina",390,47,343
15000US370850711011,"Block Group 1, Census Tract 711.01, Harnett County, North Carolina",1327,207,1120
15000US370850711021,"Block Group 1, Census Tract 711.02, Harnett County, North Carolina",736,65,671
15000US370850711022,"Block Group 2, Census Tract 711.02, Harnett County, North Carolina",518,108,410
15000US370850711023,"Block Group 3, Census Tract 711.02, Harnett County, North Carolina",497,82,415
15000US370850712011,"Block Group 1, Census Tract 712.01, Harnett County, North Carolina",1010,151,859
15000US370850712021,"Block Group 1, Census Tract 712.02, Harnett County, North Carolina",1148,120,1028
15000US370850712022,"Block Group 2, Census Tract 712.02, Harnett County, North Carolina",478,95,383
15000US370850712031,"Block Group 1, Census Tract 712.03, Harnett County, North Carolina",473,76,397
15000US370850712032,"Block Group 2, Census Tract 712.03, Harnett County, North Carolina",311,48,263
15000US370850712041,"Block Group 1, Census Tract 712.04, Harnett County, North Carolina",721,56,665
15000US370850712042,"Block Group 2, Census Tract 712.04, Harnett County, North Carolina",1607,116,1491
15000US370850713011,"Block Group 1, Census Tract 713.01, Harnett County, North Carolina",578,98,480
15000US370850713012,"Block Group 2, Census Tract 713.01, Harnett County, North Carolina",543,121,422
15000US370850713013,"Block Group 3, Census Tract 713.01, Harnett County, North Carolina",280,27,253
15000US370850713021,"Block Group 1, Census Tract 713.02, Harnett County, North Carolina",671,105,566
15000US370850713022,"Block Group 2, Census Tract 713.02, Harnett County, North Carolina",1358,166,1192
15000US370850713031,"Block Group 1, Census Tract 713.03, Harnett County, North Carolina",797,47,750
15000US370850713032,"Block Group 2, Census Tract 713.03, Harnett County, North Carolina",1414,95,1319
15000US370850713033,"Block Group 3, Census Tract 713.03, Harnett County, North Carolina",939,28,911
15000US370850713034,"Block Group 4, Census Tract 713.03, Harnett County, North Carolina",496,59,437
15000US370850714011,"Block Group 1, Census Tract 714.01, Harnett County, North Carolina",1167,211,956
15000US370850714012,"Block Group 2, Census Tract 714.01, Harnett County, North Carolina",342,69,273
15000US370850714021,"Block Group 1, Census Tract 714.02, Harnett County, North Carolina",452,78,374
15000US370850714022,"Block Group 2, Census Tract 714.02, Harnett County, North Carolina",2163,257,1906
15000US370850714023,"Block Group 3, Census Tract 714.02, Harnett County, North Carolina",474,55,419
15000US370879201011,"Block Group 1, Census Tract 9201.01, Haywood County, North Carolina",303,34,269
15000US370879201012,"Block Group 2, Census Tract 9201.01, Haywood County, North Carolina",526,85,441
15000US370879201013,"Block Group 3, Census Tract 9201.01, Haywood County, North Carolina",650,36,614
15000US370879201021,"Block Group 1, Census Tract 9201.02, Haywood County, North Carolina",501,28,473
15000US370879201022,"Block Group 2, Census Tract 9201.02, Haywood County, North Carolina",571,39,532
15000US370879201023,"Block Group 3, Census Tract 9201.02, Haywood County, North Carolina",519,44,475
15000US370879202001,"Block Group 1, Census Tract 9202, Haywood County, North Carolina",1167,126,1041
15000US370879202002,"Block Group 2, Census Tract 9202, Haywood County, North Carolina",370,60,310
15000US370879202003,"Block Group 3, Census Tract 9202, Haywood County, North Carolina",556,83,473
15000US370879202004,"Block Group 4, Census Tract 9202, Haywood County, North Carolina",301,39,262
15000US370879202005,"Block Group 5, Census Tract 9202, Haywood County, North Carolina",369,13,356
15000US370879203001,"Block Group 1, Census Tract 9203, Haywood County, North Carolina",161,16,145
15000US370879203002,"Block Group 2, Census Tract 9203, Haywood County, North Carolina",497,134,363
15000US370879203003,"Block Group 3, Census Tract 9203, Haywood County, North Carolina",224,21,203
15000US370879203004,"Block Group 4, Census Tract 9203, Haywood County, North Carolina",463,51,412
15000US370879204001,"Block Group 1, Census Tract 9204, Haywood County, North Carolina",478,67,411
15000US370879204002,"Block Group 2, Census Tract 9204, Haywood County, North Carolina",304,50,254
15000US370879205001,"Block Group 1, Census Tract 9205, Haywood County, North Carolina",425,86,339
15000US370879205002,"Block Group 2, Census Tract 9205, Haywood County, North Carolina",732,66,666
15000US370879205003,"Block Group 3, Census Tract 9205, Haywood County, North Carolina",813,75,738
15000US370879205004,"Block Group 4, Census Tract 9205, Haywood County, North Carolina",396,0,396
15000US370879205005,"Block Group 5, Census Tract 9205, Haywood County, North Carolina",536,203,333
15000US370879206001,"Block Group 1, Census Tract 9206, Haywood County, North Carolina",365,34,331
15000US370879206002,"Block Group 2, Census Tract 9206, Haywood County, North Carolina",914,69,845
15000US370879206003,"Block Group 3, Census Tract 9206, Haywood County, North Carolina",863,55,808
15000US370879207001,"Block Group 1, Census Tract 9207, Haywood County, North Carolina",334,47,287
15000US370879207002,"Block Group 2, Census Tract 9207, Haywood County, North Carolina",817,68,749
15000US370879207003,"Block Group 3, Census Tract 9207, Haywood County, North Carolina",755,86,669
15000US370879208001,"Block Group 1, Census Tract 9208, Haywood County, North Carolina",1190,124,1066
15000US370879208002,"Block Group 2, Census Tract 9208, Haywood County, North Carolina",387,57,330
15000US370879209001,"Block Group 1, Census Tract 9209, Haywood County, North Carolina",932,219,713
15000US370879210001,"Block Group 1, Census Tract 9210, Haywood County, North Carolina",535,8,527
15000US370879210002,"Block Group 2, Census Tract 9210, Haywood County, North Carolina",304,0,304
15000US370879210003,"Block Group 3, Census Tract 9210, Haywood County, North Carolina",631,87,544
15000US370879211001,"Block Group 1, Census Tract 9211, Haywood County, North Carolina",605,61,544
15000US370879211002,"Block Group 2, Census Tract 9211, Haywood County, North Carolina",542,102,440
15000US370879212001,"Block Group 1, Census Tract 9212, Haywood County, North Carolina",700,110,590
15000US370879212002,"Block Group 2, Census Tract 9212, Haywood County, North Carolina",354,92,262
15000US370879212003,"Block Group 3, Census Tract 9212, Haywood County, North Carolina",337,88,249
15000US370879212004,"Block Group 4, Census Tract 9212, Haywood County, North Carolina",384,51,333
15000US370879212005,"Block Group 5, Census Tract 9212, Haywood County, North Carolina",756,148,608
15000US370879213011,"Block Group 1, Census Tract 9213.01, Haywood County, North Carolina",834,109,725
15000US370879213012,"Block Group 2, Census Tract 9213.01, Haywood County, North Carolina",1151,111,1040
15000US370879213021,"Block Group 1, Census Tract 9213.02, Haywood County, North Carolina",521,82,439
15000US370879213022,"Block Group 2, Census Tract 9213.02, Haywood County, North Carolina",739,101,638
15000US370879213023,"Block Group 3, Census Tract 9213.02, Haywood County, North Carolina",478,126,352
15000US370879213024,"Block Group 4, Census Tract 9213.02, Haywood County, North Carolina",363,14,349
15000US370879801001,"Block Group 1, Census Tract 9801, Haywood County, North Carolina",0,0,0
15000US370899301001,"Block Group 1, Census Tract 9301, Henderson County, North Carolina",570,116,454
15000US370899301002,"Block Group 2, Census Tract 9301, Henderson County, North Carolina",411,27,384
15000US370899301003,"Block Group 3, Census Tract 9301, Henderson County, North Carolina",795,138,657
15000US370899302001,"Block Group 1, Census Tract 9302, Henderson County, North Carolina",536,50,486
15000US370899302002,"Block Group 2, Census Tract 9302, Henderson County, North Carolina",486,90,396
15000US370899302003,"Block Group 3, Census Tract 9302, Henderson County, North Carolina",606,12,594
15000US370899302004,"Block Group 4, Census Tract 9302, Henderson County, North Carolina",775,89,686
15000US370899303001,"Block Group 1, Census Tract 9303, Henderson County, North Carolina",1730,247,1483
15000US370899303002,"Block Group 2, Census Tract 9303, Henderson County, North Carolina",1109,255,854
15000US370899303003,"Block Group 3, Census Tract 9303, Henderson County, North Carolina",654,43,611
15000US370899304011,"Block Group 1, Census Tract 9304.01, Henderson County, North Carolina",627,64,563
15000US370899304012,"Block Group 2, Census Tract 9304.01, Henderson County, North Carolina",485,80,405
15000US370899304021,"Block Group 1, Census Tract 9304.02, Henderson County, North Carolina",640,74,566
15000US370899304022,"Block Group 2, Census Tract 9304.02, Henderson County, North Carolina",357,142,215
15000US370899304023,"Block Group 3, Census Tract 9304.02, Henderson County, North Carolina",385,23,362
15000US370899305011,"Block Group 1, Census Tract 9305.01, Henderson County, North Carolina",1292,84,1208
15000US370899305012,"Block Group 2, Census Tract 9305.01, Henderson County, North Carolina",935,200,735
15000US370899305021,"Block Group 1, Census Tract 9305.02, Henderson County, North Carolina",1404,145,1259
15000US370899305022,"Block Group 2, Census Tract 9305.02, Henderson County, North Carolina",705,28,677
15000US370899306001,"Block Group 1, Census Tract 9306, Henderson County, North Carolina",1058,89,969
15000US370899306002,"Block Group 2, Census Tract 9306, Henderson County, North Carolina",1153,17,1136
15000US370899307011,"Block Group 1, Census Tract 9307.01, Henderson County, North Carolina",672,90,582
15000US370899307012,"Block Group 2, Census Tract 9307.01, Henderson County, North Carolina",829,33,796
15000US370899307021,"Block Group 1, Census Tract 9307.02, Henderson County, North Carolina",958,111,847
15000US370899307022,"Block Group 2, Census Tract 9307.02, Henderson County, North Carolina",1018,50,968
15000US370899307031,"Block Group 1, Census Tract 9307.03, Henderson County, North Carolina",1050,27,1023
15000US370899307032,"Block Group 2, Census Tract 9307.03, Henderson County, North Carolina",559,25,534
15000US370899307033,"Block Group 3, Census Tract 9307.03, Henderson County, North Carolina",1040,49,991
15000US370899308001,"Block Group 1, Census Tract 9308, Henderson County, North Carolina",832,80,752
15000US370899308002,"Block Group 2, Census Tract 9308, Henderson County, North Carolina",597,75,522
15000US370899308003,"Block Group 3, Census Tract 9308, Henderson County, North Carolina",797,92,705
15000US370899309001,"Block Group 1, Census Tract 9309, Henderson County, North Carolina",626,156,470
15000US370899309002,"Block Group 2, Census Tract 9309, Henderson County, North Carolina",810,40,770
15000US370899310001,"Block Group 1, Census Tract 9310, Henderson County, North Carolina",603,27,576
15000US370899310002,"Block Group 2, Census Tract 9310, Henderson County, North Carolina",294,81,213
15000US370899310003,"Block Group 3, Census Tract 9310, Henderson County, North Carolina",577,184,393
15000US370899310004,"Block Group 4, Census Tract 9310, Henderson County, North Carolina",828,92,736
15000US370899310005,"Block Group 5, Census Tract 9310, Henderson County, North Carolina",212,31,181
15000US370899311001,"Block Group 1, Census Tract 9311, Henderson County, North Carolina",500,51,449
15000US370899311002,"Block Group 2, Census Tract 9311, Henderson County, North Carolina",461,55,406
15000US370899312001,"Block Group 1, Census Tract 9312, Henderson County, North Carolina",567,197,370
15000US370899312002,"Block Group 2, Census Tract 9312, Henderson County, North Carolina",580,191,389
15000US370899313001,"Block Group 1, Census Tract 9313, Henderson County, North Carolina",329,24,305
15000US370899313002,"Block Group 2, Census Tract 9313, Henderson County, North Carolina",457,76,381
15000US370899313003,"Block Group 3, Census Tract 9313, Henderson County, North Carolina",669,61,608
15000US370899313004,"Block Group 4, Census Tract 9313, Henderson County, North Carolina",372,72,300
15000US370899314001,"Block Group 1, Census Tract 9314, Henderson County, North Carolina",146,33,113
15000US370899314002,"Block Group 2, Census Tract 9314, Henderson County, North Carolina",471,115,356
15000US370899314003,"Block Group 3, Census Tract 9314, Henderson County, North Carolina",889,171,718
15000US370899314004,"Block Group 4, Census Tract 9314, Henderson County, North Carolina",827,169,658
15000US370899315001,"Block Group 1, Census Tract 9315, Henderson County, North Carolina",755,65,690
15000US370899315002,"Block Group 2, Census Tract 9315, Henderson County, North Carolina",471,15,456
15000US370899315003,"Block Group 3, Census Tract 9315, Henderson County, North Carolina",528,7,521
15000US370899316001,"Block Group 1, Census Tract 9316, Henderson County, North Carolina",580,82,498
15000US370899316002,"Block Group 2, Census Tract 9316, Henderson County, North Carolina",375,126,249
15000US370899316003,"Block Group 3, Census Tract 9316, Henderson County, North Carolina",600,31,569
15000US370899316004,"Block Group 4, Census Tract 9316, Henderson County, North Carolina",707,32,675
15000US370899317001,"Block Group 1, Census Tract 9317, Henderson County, North Carolina",839,89,750
15000US370899317002,"Block Group 2, Census Tract 9317, Henderson County, North Carolina",573,27,546
15000US370899318011,"Block Group 1, Census Tract 9318.01, Henderson County, North Carolina",468,11,457
15000US370899318012,"Block Group 2, Census Tract 9318.01, Henderson County, North Carolina",1209,76,1133
15000US370899318021,"Block Group 1, Census Tract 9318.02, Henderson County, North Carolina",848,58,790
15000US370899318022,"Block Group 2, Census Tract 9318.02, Henderson County, North Carolina",437,39,398
15000US370899318023,"Block Group 3, Census Tract 9318.02, Henderson County, North Carolina",755,47,708
15000US370899319011,"Block Group 1, Census Tract 9319.01, Henderson County, North Carolina",852,55,797
15000US370899319012,"Block Group 2, Census Tract 9319.01, Henderson County, North Carolina",595,27,568
15000US370899319013,"Block Group 3, Census Tract 9319.01, Henderson County, North Carolina",379,32,347
15000US370899319021,"Block Group 1, Census Tract 9319.02, Henderson County, North Carolina",539,90,449
15000US370899319022,"Block Group 2, Census Tract 9319.02, Henderson County, North Carolina",680,29,651
15000US370899320001,"Block Group 1, Census Tract 9320, Henderson County, North Carolina",852,28,824
15000US370899320002,"Block Group 2, Census Tract 9320, Henderson County, North Carolina",896,72,824
15000US370899801001,"Block Group 1, Census Tract 9801, Henderson County, North Carolina",0,0,0
15000US370919501001,"Block Group 1, Census Tract 9501, Hertford County, North Carolina",607,125,482
15000US370919501002,"Block Group 2, Census Tract 9501, Hertford County, North Carolina",203,52,151
15000US370919501003,"Block Group 3, Census Tract 9501, Hertford County, North Carolina",700,201,499
15000US370919501004,"Block Group 4, Census Tract 9501, Hertford County, North Carolina",403,113,290
15000US370919501005,"Block Group 5, Census Tract 9501, Hertford County, North Carolina",375,135,240
15000US370919501006,"Block Group 6, Census Tract 9501, Hertford County, North Carolina",495,108,387
15000US370919502001,"Block Group 1, Census Tract 9502, Hertford County, North Carolina",424,97,327
15000US370919502002,"Block Group 2, Census Tract 9502, Hertford County, North Carolina",655,136,519
15000US370919502003,"Block Group 3, Census Tract 9502, Hertford County, North Carolina",357,84,273
15000US370919502004,"Block Group 4, Census Tract 9502, Hertford County, North Carolina",431,120,311
15000US370919503001,"Block Group 1, Census Tract 9503, Hertford County, North Carolina",731,90,641
15000US370919503002,"Block Group 2, Census Tract 9503, Hertford County, North Carolina",609,58,551
15000US370919504011,"Block Group 1, Census Tract 9504.01, Hertford County, North Carolina",380,28,352
15000US370919504012,"Block Group 2, Census Tract 9504.01, Hertford County, North Carolina",349,84,265
15000US370919504013,"Block Group 3, Census Tract 9504.01, Hertford County, North Carolina",593,89,504
15000US370919504021,"Block Group 1, Census Tract 9504.02, Hertford County, North Carolina",282,59,223
15000US370919504022,"Block Group 2, Census Tract 9504.02, Hertford County, North Carolina",244,80,164
15000US370919504023,"Block Group 3, Census Tract 9504.02, Hertford County, North Carolina",232,84,148
15000US370919504024,"Block Group 4, Census Tract 9504.02, Hertford County, North Carolina",775,170,605
15000US370939701011,"Block Group 1, Census Tract 9701.01, Hoke County, North Carolina",1726,305,1421
15000US370939701012,"Block Group 2, Census Tract 9701.01, Hoke County, North Carolina",1630,274,1356
15000US370939701021,"Block Group 1, Census Tract 9701.02, Hoke County, North Carolina",1118,330,788
15000US370939701022,"Block Group 2, Census Tract 9701.02, Hoke County, North Carolina",836,143,693
15000US370939701023,"Block Group 3, Census Tract 9701.02, Hoke County, North Carolina",393,37,356
15000US370939701024,"Block Group 4, Census Tract 9701.02, Hoke County, North Carolina",902,103,799
15000US370939701025,"Block Group 5, Census Tract 9701.02, Hoke County, North Carolina",1014,139,875
15000US370939701031,"Block Group 1, Census Tract 9701.03, Hoke County, North Carolina",1133,194,939
15000US370939701032,"Block Group 2, Census Tract 9701.03, Hoke County, North Carolina",1283,90,1193
15000US370939701033,"Block Group 3, Census Tract 9701.03, Hoke County, North Carolina",549,56,493
15000US370939702011,"Block Group 1, Census Tract 9702.01, Hoke County, North Carolina",349,38,311
15000US370939702012,"Block Group 2, Census Tract 9702.01, Hoke County, North Carolina",792,205,587
15000US370939702013,"Block Group 3, Census Tract 9702.01, Hoke County, North Carolina",416,107,309
15000US370939702021,"Block Group 1, Census Tract 9702.02, Hoke County, North Carolina",810,210,600
15000US370939702022,"Block Group 2, Census Tract 9702.02, Hoke County, North Carolina",560,158,402
15000US370939703001,"Block Group 1, Census Tract 9703, Hoke County, North Carolina",262,112,150
15000US370939703002,"Block Group 2, Census Tract 9703, Hoke County, North Carolina",529,166,363
15000US370939703003,"Block Group 3, Census Tract 9703, Hoke County, North Carolina",273,47,226
15000US370939703004,"Block Group 4, Census Tract 9703, Hoke County, North Carolina",654,221,433
15000US370939703005,"Block Group 5, Census Tract 9703, Hoke County, North Carolina",336,22,314
15000US370939704011,"Block Group 1, Census Tract 9704.01, Hoke County, North Carolina",677,181,496
15000US370939704012,"Block Group 2, Census Tract 9704.01, Hoke County, North Carolina",546,127,419
15000US370939704021,"Block Group 1, Census Tract 9704.02, Hoke County, North Carolina",312,92,220
15000US370939704022,"Block Group 2, Census Tract 9704.02, Hoke County, North Carolina",699,281,418
15000US370939801001,"Block Group 1, Census Tract 9801, Hoke County, North Carolina",0,0,0
15000US370959201001,"Block Group 1, Census Tract 9201, Hyde County, North Carolina",471,140,331
15000US370959201002,"Block Group 2, Census Tract 9201, Hyde County, North Carolina",345,69,276
15000US370959201003,"Block Group 3, Census Tract 9201, Hyde County, North Carolina",814,151,663
15000US370959201004,"Block Group 4, Census Tract 9201, Hyde County, North Carolina",317,53,264
15000US370959901000,"Block Group 0, Census Tract 9901, Hyde County, North Carolina",0,0,0
15000US370959902000,"Block Group 0, Census Tract 9902, Hyde County, North Carolina",0,0,0
15000US370970601001,"Block Group 1, Census Tract 601, Iredell County, North Carolina",513,14,499
15000US370970601002,"Block Group 2, Census Tract 601, Iredell County, North Carolina",404,25,379
15000US370970601003,"Block Group 3, Census Tract 601, Iredell County, North Carolina",1045,220,825
15000US370970601004,"Block Group 4, Census Tract 601, Iredell County, North Carolina",530,60,470
15000US370970602001,"Block Group 1, Census Tract 602, Iredell County, North Carolina",278,56,222
15000US370970602002,"Block Group 2, Census Tract 602, Iredell County, North Carolina",475,142,333
15000US370970603001,"Block Group 1, Census Tract 603, Iredell County, North Carolina",252,65,187
15000US370970603002,"Block Group 2, Census Tract 603, Iredell County, North Carolina",114,29,85
15000US370970603003,"Block Group 3, Census Tract 603, Iredell County, North Carolina",244,131,113
15000US370970603004,"Block Group 4, Census Tract 603, Iredell County, North Carolina",290,95,195
15000US370970604001,"Block Group 1, Census Tract 604, Iredell County, North Carolina",508,54,454
15000US370970604002,"Block Group 2, Census Tract 604, Iredell County, North Carolina",396,194,202
15000US370970604003,"Block Group 3, Census Tract 604, Iredell County, North Carolina",440,166,274
15000US370970604004,"Block Group 4, Census Tract 604, Iredell County, North Carolina",347,36,311
15000US370970605001,"Block Group 1, Census Tract 605, Iredell County, North Carolina",621,47,574
15000US370970605002,"Block Group 2, Census Tract 605, Iredell County, North Carolina",405,45,360
15000US370970605003,"Block Group 3, Census Tract 605, Iredell County, North Carolina",701,84,617
15000US370970606011,"Block Group 1, Census Tract 606.01, Iredell County, North Carolina",1199,147,1052
15000US370970606012,"Block Group 2, Census Tract 606.01, Iredell County, North Carolina",979,130,849
15000US370970606021,"Block Group 1, Census Tract 606.02, Iredell County, North Carolina",377,49,328
15000US370970606022,"Block Group 2, Census Tract 606.02, Iredell County, North Carolina",421,20,401
15000US370970606031,"Block Group 1, Census Tract 606.03, Iredell County, North Carolina",270,72,198
15000US370970606032,"Block Group 2, Census Tract 606.03, Iredell County, North Carolina",356,79,277
15000US370970607011,"Block Group 1, Census Tract 607.01, Iredell County, North Carolina",515,63,452
15000US370970607012,"Block Group 2, Census Tract 607.01, Iredell County, North Carolina",495,112,383
15000US370970607021,"Block Group 1, Census Tract 607.02, Iredell County, North Carolina",798,127,671
15000US370970607022,"Block Group 2, Census Tract 607.02, Iredell County, North Carolina",877,54,823
15000US370970607031,"Block Group 1, Census Tract 607.03, Iredell County, North Carolina",658,82,576
15000US370970607032,"Block Group 2, Census Tract 607.03, Iredell County, North Carolina",572,66,506
15000US370970608011,"Block Group 1, Census Tract 608.01, Iredell County, North Carolina",427,53,374
15000US370970608012,"Block Group 2, Census Tract 608.01, Iredell County, North Carolina",448,32,416
15000US370970608013,"Block Group 3, Census Tract 608.01, Iredell County, North Carolina",482,25,457
15000US370970608021,"Block Group 1, Census Tract 608.02, Iredell County, North Carolina",556,84,472
15000US370970608022,"Block Group 2, Census Tract 608.02, Iredell County, North Carolina",657,74,583
15000US370970609011,"Block Group 1, Census Tract 609.01, Iredell County, North Carolina",513,64,449
15000US370970609012,"Block Group 2, Census Tract 609.01, Iredell County, North Carolina",352,60,292
15000US370970609013,"Block Group 3, Census Tract 609.01, Iredell County, North Carolina",301,20,281
15000US370970609014,"Block Group 4, Census Tract 609.01, Iredell County, North Carolina",281,0,281
15000US370970609021,"Block Group 1, Census Tract 609.02, Iredell County, North Carolina",506,57,449
15000US370970609022,"Block Group 2, Census Tract 609.02, Iredell County, North Carolina",291,22,269
15000US370970609023,"Block Group 3, Census Tract 609.02, Iredell County, North Carolina",434,62,372
15000US370970609024,"Block Group 4, Census Tract 609.02, Iredell County, North Carolina",342,42,300
15000US370970610011,"Block Group 1, Census Tract 610.01, Iredell County, North Carolina",716,79,637
15000US370970610012,"Block Group 2, Census Tract 610.01, Iredell County, North Carolina",861,46,815
15000US370970610021,"Block Group 1, Census Tract 610.02, Iredell County, North Carolina",316,27,289
15000US370970610022,"Block Group 2, Census Tract 610.02, Iredell County, North Carolina",462,79,383
15000US370970610023,"Block Group 3, Census Tract 610.02, Iredell County, North Carolina",714,53,661
15000US370970610024,"Block Group 4, Census Tract 610.02, Iredell County, North Carolina",249,35,214
15000US370970610031,"Block Group 1, Census Tract 610.03, Iredell County, North Carolina",375,28,347
15000US370970610032,"Block Group 2, Census Tract 610.03, Iredell County, North Carolina",1246,98,1148
15000US370970611011,"Block Group 1, Census Tract 611.01, Iredell County, North Carolina",461,47,414
15000US370970611012,"Block Group 2, Census Tract 611.01, Iredell County, North Carolina",564,19,545
15000US370970611021,"Block Group 1, Census Tract 611.02, Iredell County, North Carolina",379,5,374
15000US370970611022,"Block Group 2, Census Tract 611.02, Iredell County, North Carolina",622,50,572
15000US370970611023,"Block Group 3, Census Tract 611.02, Iredell County, North Carolina",295,42,253
15000US370970611031,"Block Group 1, Census Tract 611.03, Iredell County, North Carolina",536,86,450
15000US370970611032,"Block Group 2, Census Tract 611.03, Iredell County, North Carolina",649,64,585
15000US370970611041,"Block Group 1, Census Tract 611.04, Iredell County, North Carolina",538,34,504
15000US370970611042,"Block Group 2, Census Tract 611.04, Iredell County, North Carolina",327,6,321
15000US370970612011,"Block Group 1, Census Tract 612.01, Iredell County, North Carolina",260,0,260
15000US370970612012,"Block Group 2, Census Tract 612.01, Iredell County, North Carolina",649,31,618
15000US370970612013,"Block Group 3, Census Tract 612.01, Iredell County, North Carolina",607,71,536
15000US370970612021,"Block Group 1, Census Tract 612.02, Iredell County, North Carolina",754,95,659
15000US370970612022,"Block Group 2, Census Tract 612.02, Iredell County, North Carolina",404,29,375
15000US370970612023,"Block Group 3, Census Tract 612.02, Iredell County, North Carolina",751,67,684
15000US370970612031,"Block Group 1, Census Tract 612.03, Iredell County, North Carolina",667,88,579
15000US370970612032,"Block Group 2, Census Tract 612.03, Iredell County, North Carolina",1280,104,1176
15000US370970612041,"Block Group 1, Census Tract 612.04, Iredell County, North Carolina",851,19,832
15000US370970612042,"Block Group 2, Census Tract 612.04, Iredell County, North Carolina",487,8,479
15000US370970612051,"Block Group 1, Census Tract 612.05, Iredell County, North Carolina",416,29,387
15000US370970612052,"Block Group 2, Census Tract 612.05, Iredell County, North Carolina",494,44,450
15000US370970612053,"Block Group 3, Census Tract 612.05, Iredell County, North Carolina",199,32,167
15000US370970612054,"Block Group 4, Census Tract 612.05, Iredell County, North Carolina",418,14,404
15000US370970613011,"Block Group 1, Census Tract 613.01, Iredell County, North Carolina",296,0,296
15000US370970613012,"Block Group 2, Census Tract 613.01, Iredell County, North Carolina",478,126,352
15000US370970613013,"Block Group 3, Census Tract 613.01, Iredell County, North Carolina",326,19,307
15000US370970613021,"Block Group 1, Census Tract 613.02, Iredell County, North Carolina",459,67,392
15000US370970613022,"Block Group 2, Census Tract 613.02, Iredell County, North Carolina",574,0,574
15000US370970613023,"Block Group 3, Census Tract 613.02, Iredell County, North Carolina",695,100,595
15000US370970613031,"Block Group 1, Census Tract 613.03, Iredell County, North Carolina",792,107,685
15000US370970613032,"Block Group 2, Census Tract 613.03, Iredell County, North Carolina",847,7,840
15000US370970613041,"Block Group 1, Census Tract 613.04, Iredell County, North Carolina",963,60,903
15000US370970613042,"Block Group 2, Census Tract 613.04, Iredell County, North Carolina",1056,71,985
15000US370970614011,"Block Group 1, Census Tract 614.01, Iredell County, North Carolina",456,24,432
15000US370970614012,"Block Group 2, Census Tract 614.01, Iredell County, North Carolina",651,8,643
15000US370970614013,"Block Group 3, Census Tract 614.01, Iredell County, North Carolina",663,0,663
15000US370970614021,"Block Group 1, Census Tract 614.02, Iredell County, North Carolina",1643,193,1450
15000US370970614022,"Block Group 2, Census Tract 614.02, Iredell County, North Carolina",734,48,686
15000US370970614031,"Block Group 1, Census Tract 614.03, Iredell County, North Carolina",576,30,546
15000US370970614032,"Block Group 2, Census Tract 614.03, Iredell County, North Carolina",569,116,453
15000US370970614033,"Block Group 3, Census Tract 614.03, Iredell County, North Carolina",385,19,366
15000US370970614041,"Block Group 1, Census Tract 614.04, Iredell County, North Carolina",578,29,549
15000US370970614042,"Block Group 2, Census Tract 614.04, Iredell County, North Carolina",502,47,455
15000US370970614051,"Block Group 1, Census Tract 614.05, Iredell County, North Carolina",752,25,727
15000US370970614052,"Block Group 2, Census Tract 614.05, Iredell County, North Carolina",641,18,623
15000US370970614061,"Block Group 1, Census Tract 614.06, Iredell County, North Carolina",860,9,851
15000US370970614062,"Block Group 2, Census Tract 614.06, Iredell County, North Carolina",769,89,680
15000US370970614071,"Block Group 1, Census Tract 614.07, Iredell County, North Carolina",752,19,733
15000US370970614072,"Block Group 2, Census Tract 614.07, Iredell County, North Carolina",1074,74,1000
15000US370970614081,"Block Group 1, Census Tract 614.08, Iredell County, North Carolina",748,81,667
15000US370970614082,"Block Group 2, Census Tract 614.08, Iredell County, North Carolina",597,64,533
15000US370970615011,"Block Group 1, Census Tract 615.01, Iredell County, North Carolina",752,196,556
15000US370970615012,"Block Group 2, Census Tract 615.01, Iredell County, North Carolina",651,54,597
15000US370970615021,"Block Group 1, Census Tract 615.02, Iredell County, North Carolina",679,72,607
15000US370970615022,"Block Group 2, Census Tract 615.02, Iredell County, North Carolina",736,43,693
15000US370970615031,"Block Group 1, Census Tract 615.03, Iredell County, North Carolina",622,51,571
15000US370970615032,"Block Group 2, Census Tract 615.03, Iredell County, North Carolina",836,46,790
15000US370970616011,"Block Group 1, Census Tract 616.01, Iredell County, North Carolina",741,238,503
15000US370970616012,"Block Group 2, Census Tract 616.01, Iredell County, North Carolina",423,88,335
15000US370970616021,"Block Group 1, Census Tract 616.02, Iredell County, North Carolina",1567,144,1423
15000US370970616022,"Block Group 2, Census Tract 616.02, Iredell County, North Carolina",258,51,207
15000US370970616023,"Block Group 3, Census Tract 616.02, Iredell County, North Carolina",1451,37,1414
15000US370999402001,"Block Group 1, Census Tract 9402, Jackson County, North Carolina",1021,184,837
15000US370999402002,"Block Group 2, Census Tract 9402, Jackson County, North Carolina",654,142,512
15000US370999402003,"Block Group 3, Census Tract 9402, Jackson County, North Carolina",605,132,473
15000US370999502001,"Block Group 1, Census Tract 9502, Jackson County, North Carolina",605,63,542
15000US370999502002,"Block Group 2, Census Tract 9502, Jackson County, North Carolina",353,55,298
15000US370999503001,"Block Group 1, Census Tract 9503, Jackson County, North Carolina",412,115,297
15000US370999503002,"Block Group 2, Census Tract 9503, Jackson County, North Carolina",927,45,882
15000US370999503003,"Block Group 3, Census Tract 9503, Jackson County, North Carolina",546,154,392
15000US370999503004,"Block Group 4, Census Tract 9503, Jackson County, North Carolina",591,148,443
15000US370999504001,"Block Group 1, Census Tract 9504, Jackson County, North Carolina",955,96,859
15000US370999504002,"Block Group 2, Census Tract 9504, Jackson County, North Carolina",1095,241,854
15000US370999505001,"Block Group 1, Census Tract 9505, Jackson County, North Carolina",1008,125,883
15000US370999505002,"Block Group 2, Census Tract 9505, Jackson County, North Carolina",671,36,635
15000US370999505003,"Block Group 3, Census Tract 9505, Jackson County, North Carolina",1026,82,944
15000US370999506001,"Block Group 1, Census Tract 9506, Jackson County, North Carolina",805,106,699
15000US370999506002,"Block Group 2, Census Tract 9506, Jackson County, North Carolina",339,86,253
15000US370999506003,"Block Group 3, Census Tract 9506, Jackson County, North Carolina",500,177,323
15000US370999506004,"Block Group 4, Census Tract 9506, Jackson County, North Carolina",671,274,397
15000US370999506005,"Block Group 5, Census Tract 9506, Jackson County, North Carolina",626,105,521
15000US370999507001,"Block Group 1, Census Tract 9507, Jackson County, North Carolina",382,63,319
15000US370999507002,"Block Group 2, Census Tract 9507, Jackson County, North Carolina",321,48,273
15000US370999507003,"Block Group 3, Census Tract 9507, Jackson County, North Carolina",539,179,360
15000US370999508001,"Block Group 1, Census Tract 9508, Jackson County, North Carolina",306,92,214
15000US370999508002,"Block Group 2, Census Tract 9508, Jackson County, North Carolina",653,87,566
15000US370999509001,"Block Group 1, Census Tract 9509, Jackson County, North Carolina",486,61,425
15000US370999509002,"Block Group 2, Census Tract 9509, Jackson County, North Carolina",676,58,618
15000US371010401001,"Block Group 1, Census Tract 401, Johnston County, North Carolina",327,152,175
15000US371010401002,"Block Group 2, Census Tract 401, Johnston County, North Carolina",647,145,502
15000US371010401003,"Block Group 3, Census Tract 401, Johnston County, North Carolina",710,95,615
15000US371010401004,"Block Group 4, Census Tract 401, Johnston County, North Carolina",511,162,349
15000US371010401005,"Block Group 5, Census Tract 401, Johnston County, North Carolina",548,0,548
15000US371010402011,"Block Group 1, Census Tract 402.01, Johnston County, North Carolina",513,49,464
15000US371010402012,"Block Group 2, Census Tract 402.01, Johnston County, North Carolina",547,30,517
15000US371010402013,"Block Group 3, Census Tract 402.01, Johnston County, North Carolina",992,77,915
15000US371010402014,"Block Group 4, Census Tract 402.01, Johnston County, North Carolina",151,23,128
15000US371010402021,"Block Group 1, Census Tract 402.02, Johnston County, North Carolina",858,67,791
15000US371010402022,"Block Group 2, Census Tract 402.02, Johnston County, North Carolina",1323,179,1144
15000US371010402023,"Block Group 3, Census Tract 402.02, Johnston County, North Carolina",371,0,371
15000US371010402031,"Block Group 1, Census Tract 402.03, Johnston County, North Carolina",3645,17,3628
15000US371010402032,"Block Group 2, Census Tract 402.03, Johnston County, North Carolina",2124,278,1846
15000US371010402033,"Block Group 3, Census Tract 402.03, Johnston County, North Carolina",1020,156,864
15000US371010403011,"Block Group 1, Census Tract 403.01, Johnston County, North Carolina",270,115,155
15000US371010403012,"Block Group 2, Census Tract 403.01, Johnston County, North Carolina",439,225,214
15000US371010403013,"Block Group 3, Census Tract 403.01, Johnston County, North Carolina",1021,208,813
15000US371010403021,"Block Group 1, Census Tract 403.02, Johnston County, North Carolina",420,143,277
15000US371010403022,"Block Group 2, Census Tract 403.02, Johnston County, North Carolina",788,100,688
15000US371010403023,"Block Group 3, Census Tract 403.02, Johnston County, North Carolina",693,150,543
15000US371010404001,"Block Group 1, Census Tract 404, Johnston County, North Carolina",743,88,655
15000US371010404002,"Block Group 2, Census Tract 404, Johnston County, North Carolina",374,65,309
15000US371010404003,"Block Group 3, Census Tract 404, Johnston County, North Carolina",560,60,500
15000US371010405001,"Block Group 1, Census Tract 405, Johnston County, North Carolina",766,122,644
15000US371010405002,"Block Group 2, Census Tract 405, Johnston County, North Carolina",482,116,366
15000US371010405003,"Block Group 3, Census Tract 405, Johnston County, North Carolina",302,36,266
15000US371010405004,"Block Group 4, Census Tract 405, Johnston County, North Carolina",1027,143,884
15000US371010406001,"Block Group 1, Census Tract 406, Johnston County, North Carolina",587,374,213
15000US371010406002,"Block Group 2, Census Tract 406, Johnston County, North Carolina",414,20,394
15000US371010406003,"Block Group 3, Census Tract 406, Johnston County, North Carolina",379,64,315
15000US371010407001,"Block Group 1, Census Tract 407, Johnston County, North Carolina",1033,261,772
15000US371010407002,"Block Group 2, Census Tract 407, Johnston County, North Carolina",272,85,187
15000US371010407003,"Block Group 3, Census Tract 407, Johnston County, North Carolina",242,51,191
15000US371010408001,"Block Group 1, Census Tract 408, Johnston County, North Carolina",600,142,458
15000US371010408002,"Block Group 2, Census Tract 408, Johnston County, North Carolina",688,82,606
15000US371010408003,"Block Group 3, Census Tract 408, Johnston County, North Carolina",345,9,336
15000US371010409011,"Block Group 1, Census Tract 409.01, Johnston County, North Carolina",676,55,621
15000US371010409012,"Block Group 2, Census Tract 409.01, Johnston County, North Carolina",1266,101,1165
15000US371010409013,"Block Group 3, Census Tract 409.01, Johnston County, North Carolina",945,32,913
15000US371010409014,"Block Group 4, Census Tract 409.01, Johnston County, North Carolina",866,0,866
15000US371010409021,"Block Group 1, Census Tract 409.02, Johnston County, North Carolina",518,83,435
15000US371010409022,"Block Group 2, Census Tract 409.02, Johnston County, North Carolina",1323,123,1200
15000US371010409023,"Block Group 3, Census Tract 409.02, Johnston County, North Carolina",597,49,548
15000US371010410011,"Block Group 1, Census Tract 410.01, Johnston County, North Carolina",1795,338,1457
15000US371010410012,"Block Group 2, Census Tract 410.01, Johnston County, North Carolina",732,59,673
15000US371010410013,"Block Group 3, Census Tract 410.01, Johnston County, North Carolina",641,14,627
15000US371010410021,"Block Group 1, Census Tract 410.02, Johnston County, North Carolina",1444,177,1267
15000US371010410022,"Block Group 2, Census Tract 410.02, Johnston County, North Carolina",674,112,562
15000US371010410023,"Block Group 3, Census Tract 410.02, Johnston County, North Carolina",1374,63,1311
15000US371010411011,"Block Group 1, Census Tract 411.01, Johnston County, North Carolina",1042,46,996
15000US371010411012,"Block Group 2, Census Tract 411.01, Johnston County, North Carolina",531,21,510
15000US371010411013,"Block Group 3, Census Tract 411.01, Johnston County, North Carolina",1045,48,997
15000US371010411014,"Block Group 4, Census Tract 411.01, Johnston County, North Carolina",423,8,415
15000US371010411021,"Block Group 1, Census Tract 411.02, Johnston County, North Carolina",2295,168,2127
15000US371010411022,"Block Group 2, Census Tract 411.02, Johnston County, North Carolina",1305,38,1267
15000US371010411023,"Block Group 3, Census Tract 411.02, Johnston County, North Carolina",1179,0,1179
15000US371010411031,"Block Group 1, Census Tract 411.03, Johnston County, North Carolina",1857,337,1520
15000US371010411032,"Block Group 2, Census Tract 411.03, Johnston County, North Carolina",1167,37,1130
15000US371010411033,"Block Group 3, Census Tract 411.03, Johnston County, North Carolina",2292,90,2202
15000US371010412011,"Block Group 1, Census Tract 412.01, Johnston County, North Carolina",1070,115,955
15000US371010412012,"Block Group 2, Census Tract 412.01, Johnston County, North Carolina",476,78,398
15000US371010412021,"Block Group 1, Census Tract 412.02, Johnston County, North Carolina",189,100,89
15000US371010412022,"Block Group 2, Census Tract 412.02, Johnston County, North Carolina",508,44,464
15000US371010412023,"Block Group 3, Census Tract 412.02, Johnston County, North Carolina",997,145,852
15000US371010413001,"Block Group 1, Census Tract 413, Johnston County, North Carolina",522,56,466
15000US371010413002,"Block Group 2, Census Tract 413, Johnston County, North Carolina",473,99,374
15000US371010413003,"Block Group 3, Census Tract 413, Johnston County, North Carolina",614,146,468
15000US371010413004,"Block Group 4, Census Tract 413, Johnston County, North Carolina",580,82,498
15000US371010414001,"Block Group 1, Census Tract 414, Johnston County, North Carolina",691,195,496
15000US371010414002,"Block Group 2, Census Tract 414, Johnston County, North Carolina",235,0,235
15000US371010414003,"Block Group 3, Census Tract 414, Johnston County, North Carolina",499,154,345
15000US371010414004,"Block Group 4, Census Tract 414, Johnston County, North Carolina",373,21,352
15000US371010414005,"Block Group 5, Census Tract 414, Johnston County, North Carolina",517,99,418
15000US371010414006,"Block Group 6, Census Tract 414, Johnston County, North Carolina",205,52,153
15000US371010415011,"Block Group 1, Census Tract 415.01, Johnston County, North Carolina",588,92,496
15000US371010415012,"Block Group 2, Census Tract 415.01, Johnston County, North Carolina",1284,138,1146
15000US371010415013,"Block Group 3, Census Tract 415.01, Johnston County, North Carolina",838,0,838
15000US371010415021,"Block Group 1, Census Tract 415.02, Johnston County, North Carolina",553,58,495
15000US371010415022,"Block Group 2, Census Tract 415.02, Johnston County, North Carolina",1277,100,1177
15000US371010415023,"Block Group 3, Census Tract 415.02, Johnston County, North Carolina",1075,4,1071
15000US371010415031,"Block Group 1, Census Tract 415.03, Johnston County, North Carolina",1315,13,1302
15000US371010415032,"Block Group 2, Census Tract 415.03, Johnston County, North Carolina",712,83,629
15000US371010415033,"Block Group 3, Census Tract 415.03, Johnston County, North Carolina",658,24,634
15000US371039201001,"Block Group 1, Census Tract 9201, Jones County, North Carolina",723,106,617
15000US371039201002,"Block Group 2, Census Tract 9201, Jones County, North Carolina",848,161,687
15000US371039202001,"Block Group 1, Census Tract 9202, Jones County, North Carolina",734,197,537
15000US371039202002,"Block Group 2, Census Tract 9202, Jones County, North Carolina",418,143,275
15000US371039203001,"Block Group 1, Census Tract 9203, Jones County, North Carolina",496,110,386
15000US371039203002,"Block Group 2, Census Tract 9203, Jones County, North Carolina",292,79,213
15000US371039203003,"Block Group 3, Census Tract 9203, Jones County, North Carolina",534,152,382
15000US371050301011,"Block Group 1, Census Tract 301.01, Lee County, North Carolina",510,127,383
15000US371050301012,"Block Group 2, Census Tract 301.01, Lee County, North Carolina",554,126,428
15000US371050301013,"Block Group 3, Census Tract 301.01, Lee County, North Carolina",864,118,746
15000US371050301021,"Block Group 1, Census Tract 301.02, Lee County, North Carolina",652,0,652
15000US371050301022,"Block Group 2, Census Tract 301.02, Lee County, North Carolina",792,0,792
15000US371050301023,"Block Group 3, Census Tract 301.02, Lee County, North Carolina",875,0,875
15000US371050302001,"Block Group 1, Census Tract 302, Lee County, North Carolina",266,84,182
15000US371050302002,"Block Group 2, Census Tract 302, Lee County, North Carolina",421,184,237
15000US371050302003,"Block Group 3, Census Tract 302, Lee County, North Carolina",403,155,248
15000US371050303001,"Block Group 1, Census Tract 303, Lee County, North Carolina",457,191,266
15000US371050303002,"Block Group 2, Census Tract 303, Lee County, North Carolina",457,159,298
15000US371050304011,"Block Group 1, Census Tract 304.01, Lee County, North Carolina",538,96,442
15000US371050304012,"Block Group 2, Census Tract 304.01, Lee County, North Carolina",399,40,359
15000US371050304013,"Block Group 3, Census Tract 304.01, Lee County, North Carolina",395,71,324
15000US371050304021,"Block Group 1, Census Tract 304.02, Lee County, North Carolina",1010,281,729
15000US371050304022,"Block Group 2, Census Tract 304.02, Lee County, North Carolina",577,170,407
15000US371050304023,"Block Group 3, Census Tract 304.02, Lee County, North Carolina",226,43,183
15000US371050304024,"Block Group 4, Census Tract 304.02, Lee County, North Carolina",741,100,641
15000US371050305011,"Block Group 1, Census Tract 305.01, Lee County, North Carolina",376,72,304
15000US371050305012,"Block Group 2, Census Tract 305.01, Lee County, North Carolina",1126,83,1043
15000US371050305013,"Block Group 3, Census Tract 305.01, Lee County, North Carolina",434,7,427
15000US371050305021,"Block Group 1, Census Tract 305.02, Lee County, North Carolina",326,42,284
15000US371050305022,"Block Group 2, Census Tract 305.02, Lee County, North Carolina",399,61,338
15000US371050305031,"Block Group 1, Census Tract 305.03, Lee County, North Carolina",809,90,719
15000US371050305032,"Block Group 2, Census Tract 305.03, Lee County, North Carolina",434,98,336
15000US371050305033,"Block Group 3, Census Tract 305.03, Lee County, North Carolina",745,76,669
15000US371050305034,"Block Group 4, Census Tract 305.03, Lee County, North Carolina",559,260,299
15000US371050306011,"Block Group 1, Census Tract 306.01, Lee County, North Carolina",689,64,625
15000US371050306012,"Block Group 2, Census Tract 306.01, Lee County, North Carolina",472,0,472
15000US371050306021,"Block Group 1, Census Tract 306.02, Lee County, North Carolina",396,20,376
15000US371050306022,"Block Group 2, Census Tract 306.02, Lee County, North Carolina",618,23,595
15000US371050306023,"Block Group 3, Census Tract 306.02, Lee County, North Carolina",832,58,774
15000US371050307011,"Block Group 1, Census Tract 307.01, Lee County, North Carolina",624,56,568
15000US371050307012,"Block Group 2, Census Tract 307.01, Lee County, North Carolina",1228,127,1101
15000US371050307021,"Block Group 1, Census Tract 307.02, Lee County, North Carolina",723,65,658
15000US371050307022,"Block Group 2, Census Tract 307.02, Lee County, North Carolina",426,93,333
15000US371050307023,"Block Group 3, Census Tract 307.02, Lee County, North Carolina",541,45,496
15000US371070101001,"Block Group 1, Census Tract 101, Lenoir County, North Carolina",293,61,232
15000US371070101002,"Block Group 2, Census Tract 101, Lenoir County, North Carolina",594,156,438
15000US371070101003,"Block Group 3, Census Tract 101, Lenoir County, North Carolina",412,94,318
15000US371070101004,"Block Group 4, Census Tract 101, Lenoir County, North Carolina",405,102,303
15000US371070102001,"Block Group 1, Census Tract 102, Lenoir County, North Carolina",550,111,439
15000US371070102002,"Block Group 2, Census Tract 102, Lenoir County, North Carolina",305,100,205
15000US371070102003,"Block Group 3, Census Tract 102, Lenoir County, North Carolina",201,141,60
15000US371070103001,"Block Group 1, Census Tract 103, Lenoir County, North Carolina",268,164,104
15000US371070103002,"Block Group 2, Census Tract 103, Lenoir County, North Carolina",330,228,102
15000US371070104001,"Block Group 1, Census Tract 104, Lenoir County, North Carolina",167,46,121
15000US371070104002,"Block Group 2, Census Tract 104, Lenoir County, North Carolina",175,88,87
15000US371070105001,"Block Group 1, Census Tract 105, Lenoir County, North Carolina",325,86,239
15000US371070105002,"Block Group 2, Census Tract 105, Lenoir County, North Carolina",665,289,376
15000US371070105003,"Block Group 3, Census Tract 105, Lenoir County, North Carolina",365,125,240
15000US371070106001,"Block Group 1, Census Tract 106, Lenoir County, North Carolina",427,38,389
15000US371070106002,"Block Group 2, Census Tract 106, Lenoir County, North Carolina",731,122,609
15000US371070106003,"Block Group 3, Census Tract 106, Lenoir County, North Carolina",277,72,205
15000US371070107001,"Block Group 1, Census Tract 107, Lenoir County, North Carolina",282,49,233
15000US371070107002,"Block Group 2, Census Tract 107, Lenoir County, North Carolina",465,160,305
15000US371070107003,"Block Group 3, Census Tract 107, Lenoir County, North Carolina",343,231,112
15000US371070108001,"Block Group 1, Census Tract 108, Lenoir County, North Carolina",704,91,613
15000US371070108002,"Block Group 2, Census Tract 108, Lenoir County, North Carolina",748,59,689
15000US371070108003,"Block Group 3, Census Tract 108, Lenoir County, North Carolina",769,15,754
15000US371070109001,"Block Group 1, Census Tract 109, Lenoir County, North Carolina",532,59,473
15000US371070109002,"Block Group 2, Census Tract 109, Lenoir County, North Carolina",520,175,345
15000US371070109003,"Block Group 3, Census Tract 109, Lenoir County, North Carolina",249,40,209
15000US371070110011,"Block Group 1, Census Tract 110.01, Lenoir County, North Carolina",1147,185,962
15000US371070110012,"Block Group 2, Census Tract 110.01, Lenoir County, North Carolina",331,20,311
15000US371070110013,"Block Group 3, Census Tract 110.01, Lenoir County, North Carolina",575,87,488
15000US371070110021,"Block Group 1, Census Tract 110.02, Lenoir County, North Carolina",793,54,739
15000US371070110022,"Block Group 2, Census Tract 110.02, Lenoir County, North Carolina",748,48,700
15000US371070111001,"Block Group 1, Census Tract 111, Lenoir County, North Carolina",426,22,404
15000US371070111002,"Block Group 2, Census Tract 111, Lenoir County, North Carolina",479,167,312
15000US371070111003,"Block Group 3, Census Tract 111, Lenoir County, North Carolina",505,20,485
15000US371070111004,"Block Group 4, Census Tract 111, Lenoir County, North Carolina",768,110,658
15000US371070112001,"Block Group 1, Census Tract 112, Lenoir County, North Carolina",691,180,511
15000US371070112002,"Block Group 2, Census Tract 112, Lenoir County, North Carolina",466,67,399
15000US371070112003,"Block Group 3, Census Tract 112, Lenoir County, North Carolina",906,177,729
15000US371070112004,"Block Group 4, Census Tract 112, Lenoir County, North Carolina",649,93,556
15000US371070113001,"Block Group 1, Census Tract 113, Lenoir County, North Carolina",703,215,488
15000US371070113002,"Block Group 2, Census Tract 113, Lenoir County, North Carolina",346,105,241
15000US371070113003,"Block Group 3, Census Tract 113, Lenoir County, North Carolina",442,43,399
15000US371070113004,"Block Group 4, Census Tract 113, Lenoir County, North Carolina",329,33,296
15000US371070114001,"Block Group 1, Census Tract 114, Lenoir County, North Carolina",465,103,362
15000US371070114002,"Block Group 2, Census Tract 114, Lenoir County, North Carolina",481,35,446
15000US371070114003,"Block Group 3, Census Tract 114, Lenoir County, North Carolina",462,115,347
15000US371070114004,"Block Group 4, Census Tract 114, Lenoir County, North Carolina",334,44,290
15000US371090701001,"Block Group 1, Census Tract 701, Lincoln County, North Carolina",238,41,197
15000US371090701002,"Block Group 2, Census Tract 701, Lincoln County, North Carolina",253,46,207
15000US371090701003,"Block Group 3, Census Tract 701, Lincoln County, North Carolina",440,48,392
15000US371090701004,"Block Group 4, Census Tract 701, Lincoln County, North Carolina",322,144,178
15000US371090701005,"Block Group 5, Census Tract 701, Lincoln County, North Carolina",565,180,385
15000US371090701006,"Block Group 6, Census Tract 701, Lincoln County, North Carolina",404,96,308
15000US371090702011,"Block Group 1, Census Tract 702.01, Lincoln County, North Carolina",1142,159,983
15000US371090702012,"Block Group 2, Census Tract 702.01, Lincoln County, North Carolina",359,134,225
15000US371090702013,"Block Group 3, Census Tract 702.01, Lincoln County, North Carolina",431,79,352
15000US371090702021,"Block Group 1, Census Tract 702.02, Lincoln County, North Carolina",679,40,639
15000US371090702022,"Block Group 2, Census Tract 702.02, Lincoln County, North Carolina",672,36,636
15000US371090703001,"Block Group 1, Census Tract 703, Lincoln County, North Carolina",904,150,754
15000US371090703002,"Block Group 2, Census Tract 703, Lincoln County, North Carolina",781,148,633
15000US371090704001,"Block Group 1, Census Tract 704, Lincoln County, North Carolina",380,23,357
15000US371090704002,"Block Group 2, Census Tract 704, Lincoln County, North Carolina",862,30,832
15000US371090704003,"Block Group 3, Census Tract 704, Lincoln County, North Carolina",381,61,320
15000US371090704004,"Block Group 4, Census Tract 704, Lincoln County, North Carolina",688,135,553
15000US371090705001,"Block Group 1, Census Tract 705, Lincoln County, North Carolina",568,26,542
15000US371090705002,"Block Group 2, Census Tract 705, Lincoln County, North Carolina",637,32,605
15000US371090705003,"Block Group 3, Census Tract 705, Lincoln County, North Carolina",639,93,546
15000US371090706001,"Block Group 1, Census Tract 706, Lincoln County, North Carolina",682,34,648
15000US371090706002,"Block Group 2, Census Tract 706, Lincoln County, North Carolina",453,78,375
15000US371090706003,"Block Group 3, Census Tract 706, Lincoln County, North Carolina",455,9,446
15000US371090707001,"Block Group 1, Census Tract 707, Lincoln County, North Carolina",918,76,842
15000US371090707002,"Block Group 2, Census Tract 707, Lincoln County, North Carolina",457,36,421
15000US371090708001,"Block Group 1, Census Tract 708, Lincoln County, North Carolina",771,177,594
15000US371090708002,"Block Group 2, Census Tract 708, Lincoln County, North Carolina",685,266,419
15000US371090708003,"Block Group 3, Census Tract 708, Lincoln County, North Carolina",746,49,697
15000US371090708004,"Block Group 4, Census Tract 708, Lincoln County, North Carolina",566,176,390
15000US371090709011,"Block Group 1, Census Tract 709.01, Lincoln County, North Carolina",637,55,582
15000US371090709012,"Block Group 2, Census Tract 709.01, Lincoln County, North Carolina",588,71,517
15000US371090709021,"Block Group 1, Census Tract 709.02, Lincoln County, North Carolina",967,144,823
15000US371090709022,"Block Group 2, Census Tract 709.02, Lincoln County, North Carolina",940,53,887
15000US371090709023,"Block Group 3, Census Tract 709.02, Lincoln County, North Carolina",696,108,588
15000US371090710011,"Block Group 1, Census Tract 710.01, Lincoln County, North Carolina",494,33,461
15000US371090710012,"Block Group 2, Census Tract 710.01, Lincoln County, North Carolina",540,62,478
15000US371090710013,"Block Group 3, Census Tract 710.01, Lincoln County, North Carolina",575,98,477
15000US371090710014,"Block Group 4, Census Tract 710.01, Lincoln County, North Carolina",485,42,443
15000US371090710021,"Block Group 1, Census Tract 710.02, Lincoln County, North Carolina",366,64,302
15000US371090710022,"Block Group 2, Census Tract 710.02, Lincoln County, North Carolina",639,72,567
15000US371090711011,"Block Group 1, Census Tract 711.01, Lincoln County, North Carolina",746,134,612
15000US371090711012,"Block Group 2, Census Tract 711.01, Lincoln County, North Carolina",1145,102,1043
15000US371090711013,"Block Group 3, Census Tract 711.01, Lincoln County, North Carolina",591,73,518
15000US371090711021,"Block Group 1, Census Tract 711.02, Lincoln County, North Carolina",1725,42,1683
15000US371090711022,"Block Group 2, Census Tract 711.02, Lincoln County, North Carolina",498,24,474
15000US371090712011,"Block Group 1, Census Tract 712.01, Lincoln County, North Carolina",792,51,741
15000US371090712021,"Block Group 1, Census Tract 712.02, Lincoln County, North Carolina",761,25,736
15000US371090712022,"Block Group 2, Census Tract 712.02, Lincoln County, North Carolina",672,27,645
15000US371090712031,"Block Group 1, Census Tract 712.03, Lincoln County, North Carolina",1466,39,1427
15000US371090712032,"Block Group 2, Census Tract 712.03, Lincoln County, North Carolina",493,31,462
15000US371119701001,"Block Group 1, Census Tract 9701, McDowell County, North Carolina",384,27,357
15000US371119701002,"Block Group 2, Census Tract 9701, McDowell County, North Carolina",600,170,430
15000US371119701003,"Block Group 3, Census Tract 9701, McDowell County, North Carolina",507,85,422
15000US371119701004,"Block Group 4, Census Tract 9701, McDowell County, North Carolina",828,78,750
15000US371119702001,"Block Group 1, Census Tract 9702, McDowell County, North Carolina",1107,172,935
15000US371119702002,"Block Group 2, Census Tract 9702, McDowell County, North Carolina",412,98,314
15000US371119702003,"Block Group 3, Census Tract 9702, McDowell County, North Carolina",413,72,341
15000US371119703001,"Block Group 1, Census Tract 9703, McDowell County, North Carolina",544,23,521
15000US371119703002,"Block Group 2, Census Tract 9703, McDowell County, North Carolina",443,38,405
15000US371119703003,"Block Group 3, Census Tract 9703, McDowell County, North Carolina",164,20,144
15000US371119704001,"Block Group 1, Census Tract 9704, McDowell County, North Carolina",530,70,460
15000US371119704002,"Block Group 2, Census Tract 9704, McDowell County, North Carolina",624,80,544
15000US371119705001,"Block Group 1, Census Tract 9705, McDowell County, North Carolina",515,77,438
15000US371119705002,"Block Group 2, Census Tract 9705, McDowell County, North Carolina",582,201,381
15000US371119705003,"Block Group 3, Census Tract 9705, McDowell County, North Carolina",728,61,667
15000US371119706001,"Block Group 1, Census Tract 9706, McDowell County, North Carolina",343,16,327
15000US371119706002,"Block Group 2, Census Tract 9706, McDowell County, North Carolina",397,112,285
15000US371119706003,"Block Group 3, Census Tract 9706, McDowell County, North Carolina",747,83,664
15000US371119707001,"Block Group 1, Census Tract 9707, McDowell County, North Carolina",601,154,447
15000US371119707002,"Block Group 2, Census Tract 9707, McDowell County, North Carolina",678,84,594
15000US371119707003,"Block Group 3, Census Tract 9707, McDowell County, North Carolina",576,51,525
15000US371119708001,"Block Group 1, Census Tract 9708, McDowell County, North Carolina",445,102,343
15000US371119708002,"Block Group 2, Census Tract 9708, McDowell County, North Carolina",659,171,488
15000US371119708003,"Block Group 3, Census Tract 9708, McDowell County, North Carolina",744,72,672
15000US371119709011,"Block Group 1, Census Tract 9709.01, McDowell County, North Carolina",524,144,380
15000US371119709012,"Block Group 2, Census Tract 9709.01, McDowell County, North Carolina",988,218,770
15000US371119709013,"Block Group 3, Census Tract 9709.01, McDowell County, North Carolina",742,107,635
15000US371119709014,"Block Group 4, Census Tract 9709.01, McDowell County, North Carolina",353,11,342
15000US371119709021,"Block Group 1, Census Tract 9709.02, McDowell County, North Carolina",730,96,634
15000US371119709022,"Block Group 2, Census Tract 9709.02, McDowell County, North Carolina",360,109,251
15000US371119709023,"Block Group 3, Census Tract 9709.02, McDowell County, North Carolina",905,89,816
15000US371139701001,"Block Group 1, Census Tract 9701, Macon County, North Carolina",541,70,471
15000US371139701002,"Block Group 2, Census Tract 9701, Macon County, North Carolina",675,106,569
15000US371139702001,"Block Group 1, Census Tract 9702, Macon County, North Carolina",527,68,459
15000US371139702002,"Block Group 2, Census Tract 9702, Macon County, North Carolina",352,22,330
15000US371139702003,"Block Group 3, Census Tract 9702, Macon County, North Carolina",399,38,361
15000US371139702004,"Block Group 4, Census Tract 9702, Macon County, North Carolina",350,103,247
15000US371139703011,"Block Group 1, Census Tract 9703.01, Macon County, North Carolina",474,103,371
15000US371139703012,"Block Group 2, Census Tract 9703.01, Macon County, North Carolina",437,34,403
15000US371139703013,"Block Group 3, Census Tract 9703.01, Macon County, North Carolina",265,19,246
15000US371139703014,"Block Group 4, Census Tract 9703.01, Macon County, North Carolina",720,265,455
15000US371139703021,"Block Group 1, Census Tract 9703.02, Macon County, North Carolina",1105,133,972
15000US371139703022,"Block Group 2, Census Tract 9703.02, Macon County, North Carolina",562,24,538
15000US371139703023,"Block Group 3, Census Tract 9703.02, Macon County, North Carolina",207,33,174
15000US371139704001,"Block Group 1, Census Tract 9704, Macon County, North Carolina",785,161,624
15000US371139704002,"Block Group 2, Census Tract 9704, Macon County, North Carolina",787,88,699
15000US371139704003,"Block Group 3, Census Tract 9704, Macon County, North Carolina",359,66,293
15000US371139705011,"Block Group 1, Census Tract 9705.01, Macon County, North Carolina",766,72,694
15000US371139705021,"Block Group 1, Census Tract 9705.02, Macon County, North Carolina",1015,90,925
15000US371139706001,"Block Group 1, Census Tract 9706, Macon County, North Carolina",600,82,518
15000US371139706002,"Block Group 2, Census Tract 9706, Macon County, North Carolina",748,14,734
15000US371139706003,"Block Group 3, Census Tract 9706, Macon County, North Carolina",633,111,522
15000US371139706004,"Block Group 4, Census Tract 9706, Macon County, North Carolina",444,93,351
15000US371139706005,"Block Group 5, Census Tract 9706, Macon County, North Carolina",220,23,197
15000US371139707001,"Block Group 1, Census Tract 9707, Macon County, North Carolina",504,94,410
15000US371139707002,"Block Group 2, Census Tract 9707, Macon County, North Carolina",602,48,554
15000US371139707003,"Block Group 3, Census Tract 9707, Macon County, North Carolina",340,64,276
15000US371139707004,"Block Group 4, Census Tract 9707, Macon County, North Carolina",643,68,575
15000US371139707005,"Block Group 5, Census Tract 9707, Macon County, North Carolina",861,136,725
15000US371150101001,"Block Group 1, Census Tract 101, Madison County, North Carolina",545,119,426
15000US371150101002,"Block Group 2, Census Tract 101, Madison County, North Carolina",539,110,429
15000US371150102001,"Block Group 1, Census Tract 102, Madison County, North Carolina",507,142,365
15000US371150102002,"Block Group 2, Census Tract 102, Madison County, North Carolina",419,84,335
15000US371150104001,"Block Group 1, Census Tract 104, Madison County, North Carolina",396,96,300
15000US371150104002,"Block Group 2, Census Tract 104, Madison County, North Carolina",267,29,238
15000US371150105001,"Block Group 1, Census Tract 105, Madison County, North Carolina",643,39,604
15000US371150105002,"Block Group 2, Census Tract 105, Madison County, North Carolina",407,160,247
15000US371150105003,"Block Group 3, Census Tract 105, Madison County, North Carolina",728,190,538
15000US371150106001,"Block Group 1, Census Tract 106, Madison County, North Carolina",774,193,581
15000US371150106002,"Block Group 2, Census Tract 106, Madison County, North Carolina",664,91,573
15000US371150106003,"Block Group 3, Census Tract 106, Madison County, North Carolina",332,18,314
15000US371150106004,"Block Group 4, Census Tract 106, Madison County, North Carolina",686,71,615
15000US371150106005,"Block Group 5, Census Tract 106, Madison County, North Carolina",258,0,258
15000US371150107001,"Block Group 1, Census Tract 107, Madison County, North Carolina",580,97,483
15000US371150107002,"Block Group 2, Census Tract 107, Madison County, North Carolina",658,63,595
15000US371179701001,"Block Group 1, Census Tract 9701, Martin County, North Carolina",664,105,559
15000US371179701002,"Block Group 2, Census Tract 9701, Martin County, North Carolina",510,105,405
15000US371179701003,"Block Group 3, Census Tract 9701, Martin County, North Carolina",565,103,462
15000US371179702001,"Block Group 1, Census Tract 9702, Martin County, North Carolina",488,72,416
15000US371179702002,"Block Group 2, Census Tract 9702, Martin County, North Carolina",501,150,351
15000US371179702003,"Block Group 3, Census Tract 9702, Martin County, North Carolina",352,62,290
15000US371179702004,"Block Group 4, Census Tract 9702, Martin County, North Carolina",397,112,285
15000US371179703001,"Block Group 1, Census Tract 9703, Martin County, North Carolina",418,115,303
15000US371179703002,"Block Group 2, Census Tract 9703, Martin County, North Carolina",234,31,203
15000US371179703003,"Block Group 3, Census Tract 9703, Martin County, North Carolina",553,116,437
15000US371179703004,"Block Group 4, Census Tract 9703, Martin County, North Carolina",447,21,426
15000US371179704001,"Block Group 1, Census Tract 9704, Martin County, North Carolina",324,68,256
15000US371179704002,"Block Group 2, Census Tract 9704, Martin County, North Carolina",482,65,417
15000US371179704003,"Block Group 3, Census Tract 9704, Martin County, North Carolina",205,30,175
15000US371179705001,"Block Group 1, Census Tract 9705, Martin County, North Carolina",200,57,143
15000US371179705002,"Block Group 2, Census Tract 9705, Martin County, North Carolina",747,54,693
15000US371179705003,"Block Group 3, Census Tract 9705, Martin County, North Carolina",555,49,506
15000US371179705004,"Block Group 4, Census Tract 9705, Martin County, North Carolina",469,89,380
15000US371179706001,"Block Group 1, Census Tract 9706, Martin County, North Carolina",563,112,451
15000US371179706002,"Block Group 2, Census Tract 9706, Martin County, North Carolina",490,144,346
15000US371179706003,"Block Group 3, Census Tract 9706, Martin County, North Carolina",214,10,204
15000US371190001001,"Block Group 1, Census Tract 1, Mecklenburg County, North Carolina",1254,133,1121
15000US371190001002,"Block Group 2, Census Tract 1, Mecklenburg County, North Carolina",948,50,898
15000US371190001003,"Block Group 3, Census Tract 1, Mecklenburg County, North Carolina",810,0,810
15000US371190001004,"Block Group 4, Census Tract 1, Mecklenburg County, North Carolina",83,17,66
15000US371190001005,"Block Group 5, Census Tract 1, Mecklenburg County, North Carolina",385,72,313
15000US371190003001,"Block Group 1, Census Tract 3, Mecklenburg County, North Carolina",799,250,549
15000US371190004001,"Block Group 1, Census Tract 4, Mecklenburg County, North Carolina",1173,105,1068
15000US371190004002,"Block Group 2, Census Tract 4, Mecklenburg County, North Carolina",1057,204,853
15000US371190005001,"Block Group 1, Census Tract 5, Mecklenburg County, North Carolina",1159,275,884
15000US371190005002,"Block Group 2, Census Tract 5, Mecklenburg County, North Carolina",825,91,734
15000US371190005003,"Block Group 3, Census Tract 5, Mecklenburg County, North Carolina",805,44,761
15000US371190006001,"Block Group 1, Census Tract 6, Mecklenburg County, North Carolina",425,20,405
15000US371190006002,"Block Group 2, Census Tract 6, Mecklenburg County, North Carolina",1125,201,924
15000US371190007001,"Block Group 1, Census Tract 7, Mecklenburg County, North Carolina",529,89,440
15000US371190008001,"Block Group 1, Census Tract 8, Mecklenburg County, North Carolina",631,126,505
15000US371190008002,"Block Group 2, Census Tract 8, Mecklenburg County, North Carolina",375,86,289
15000US371190009001,"Block Group 1, Census Tract 9, Mecklenburg County, North Carolina",237,55,182
15000US371190009002,"Block Group 2, Census Tract 9, Mecklenburg County, North Carolina",465,72,393
15000US371190010001,"Block Group 1, Census Tract 10, Mecklenburg County, North Carolina",458,0,458
15000US371190010002,"Block Group 2, Census Tract 10, Mecklenburg County, North Carolina",304,12,292
15000US371190010003,"Block Group 3, Census Tract 10, Mecklenburg County, North Carolina",664,55,609
15000US371190011001,"Block Group 1, Census Tract 11, Mecklenburg County, North Carolina",687,63,624
15000US371190011002,"Block Group 2, Census Tract 11, Mecklenburg County, North Carolina",670,66,604
15000US371190012001,"Block Group 1, Census Tract 12, Mecklenburg County, North Carolina",813,186,627
15000US371190012002,"Block Group 2, Census Tract 12, Mecklenburg County, North Carolina",434,26,408
15000US371190012003,"Block Group 3, Census Tract 12, Mecklenburg County, North Carolina",815,21,794
15000US371190013001,"Block Group 1, Census Tract 13, Mecklenburg County, North Carolina",957,135,822
15000US371190013002,"Block Group 2, Census Tract 13, Mecklenburg County, North Carolina",473,89,384
15000US371190013003,"Block Group 3, Census Tract 13, Mecklenburg County, North Carolina",241,0,241
15000US371190014001,"Block Group 1, Census Tract 14, Mecklenburg County, North Carolina",721,15,706
15000US371190014002,"Block Group 2, Census Tract 14, Mecklenburg County, North Carolina",862,90,772
15000US371190015041,"Block Group 1, Census Tract 15.04, Mecklenburg County, North Carolina",1111,226,885
15000US371190015042,"Block Group 2, Census Tract 15.04, Mecklenburg County, North Carolina",548,64,484
15000US371190015043,"Block Group 3, Census Tract 15.04, Mecklenburg County, North Carolina",750,188,562
15000US371190015051,"Block Group 1, Census Tract 15.05, Mecklenburg County, North Carolina",1264,206,1058
15000US371190015071,"Block Group 1, Census Tract 15.07, Mecklenburg County, North Carolina",575,210,365
15000US371190015072,"Block Group 2, Census Tract 15.07, Mecklenburg County, North Carolina",481,131,350
15000US371190015073,"Block Group 3, Census Tract 15.07, Mecklenburg County, North Carolina",507,183,324
15000US371190015081,"Block Group 1, Census Tract 15.08, Mecklenburg County, North Carolina",985,66,919
15000US371190015082,"Block Group 2, Census Tract 15.08, Mecklenburg County, North Carolina",1060,60,1000
15000US371190015083,"Block Group 3, Census Tract 15.08, Mecklenburg County, North Carolina",334,58,276
15000US371190015091,"Block Group 1, Census Tract 15.09, Mecklenburg County, North Carolina",479,78,401
15000US371190015092,"Block Group 2, Census Tract 15.09, Mecklenburg County, North Carolina",761,75,686
15000US371190015101,"Block Group 1, Census Tract 15.10, Mecklenburg County, North Carolina",785,54,731
15000US371190015102,"Block Group 2, Census Tract 15.10, Mecklenburg County, North Carolina",419,51,368
15000US371190016031,"Block Group 1, Census Tract 16.03, Mecklenburg County, North Carolina",1108,231,877
15000US371190016032,"Block Group 2, Census Tract 16.03, Mecklenburg County, North Carolina",620,136,484
15000US371190016051,"Block Group 1, Census Tract 16.05, Mecklenburg County, North Carolina",784,116,668
15000US371190016061,"Block Group 1, Census Tract 16.06, Mecklenburg County, North Carolina",893,185,708
15000US371190016062,"Block Group 2, Census Tract 16.06, Mecklenburg County, North Carolina",683,211,472
15000US371190016071,"Block Group 1, Census Tract 16.07, Mecklenburg County, North Carolina",1180,198,982
15000US371190016081,"Block Group 1, Census Tract 16.08, Mecklenburg County, North Carolina",888,331,557
15000US371190016082,"Block Group 2, Census Tract 16.08, Mecklenburg County, North Carolina",653,135,518
15000US371190016091,"Block Group 1, Census Tract 16.09, Mecklenburg County, North Carolina",326,74,252
15000US371190016092,"Block Group 2, Census Tract 16.09, Mecklenburg County, North Carolina",995,226,769
15000US371190017011,"Block Group 1, Census Tract 17.01, Mecklenburg County, North Carolina",672,73,599
15000US371190017012,"Block Group 2, Census Tract 17.01, Mecklenburg County, North Carolina",1004,463,541
15000US371190017021,"Block Group 1, Census Tract 17.02, Mecklenburg County, North Carolina",529,126,403
15000US371190017022,"Block Group 2, Census Tract 17.02, Mecklenburg County, North Carolina",366,99,267
15000US371190017023,"Block Group 3, Census Tract 17.02, Mecklenburg County, North Carolina",363,82,281
15000US371190017024,"Block Group 4, Census Tract 17.02, Mecklenburg County, North Carolina",908,285,623
15000US371190018011,"Block Group 1, Census Tract 18.01, Mecklenburg County, North Carolina",205,28,177
15000US371190018012,"Block Group 2, Census Tract 18.01, Mecklenburg County, North Carolina",168,13,155
15000US371190018013,"Block Group 3, Census Tract 18.01, Mecklenburg County, North Carolina",255,42,213
15000US371190018021,"Block Group 1, Census Tract 18.02, Mecklenburg County, North Carolina",755,113,642
15000US371190018022,"Block Group 2, Census Tract 18.02, Mecklenburg County, North Carolina",857,26,831
15000US371190019101,"Block Group 1, Census Tract 19.10, Mecklenburg County, North Carolina",856,94,762
15000US371190019102,"Block Group 2, Census Tract 19.10, Mecklenburg County, North Carolina",505,47,458
15000US371190019103,"Block Group 3, Census Tract 19.10, Mecklenburg County, North Carolina",496,53,443
15000US371190019111,"Block Group 1, Census Tract 19.11, Mecklenburg County, North Carolina",547,81,466
15000US371190019112,"Block Group 2, Census Tract 19.11, Mecklenburg County, North Carolina",826,112,714
15000US371190019113,"Block Group 3, Census Tract 19.11, Mecklenburg County, North Carolina",755,12,743
15000US371190019121,"Block Group 1, Census Tract 19.12, Mecklenburg County, North Carolina",1035,311,724
15000US371190019122,"Block Group 2, Census Tract 19.12, Mecklenburg County, North Carolina",360,15,345
15000US371190019123,"Block Group 3, Census Tract 19.12, Mecklenburg County, North Carolina",161,10,151
15000US371190019124,"Block Group 4, Census Tract 19.12, Mecklenburg County, North Carolina",1002,230,772
15000US371190019141,"Block Group 1, Census Tract 19.14, Mecklenburg County, North Carolina",652,242,410
15000US371190019142,"Block Group 2, Census Tract 19.14, Mecklenburg County, North Carolina",594,70,524
15000US371190019151,"Block Group 1, Census Tract 19.15, Mecklenburg County, North Carolina",721,156,565
15000US371190019152,"Block Group 2, Census Tract 19.15, Mecklenburg County, North Carolina",1431,183,1248
15000US371190019153,"Block Group 3, Census Tract 19.15, Mecklenburg County, North Carolina",407,67,340
15000US371190019154,"Block Group 4, Census Tract 19.15, Mecklenburg County, North Carolina",587,46,541
15000US371190019161,"Block Group 1, Census Tract 19.16, Mecklenburg County, North Carolina",634,74,560
15000US371190019162,"Block Group 2, Census Tract 19.16, Mecklenburg County, North Carolina",939,86,853
15000US371190019171,"Block Group 1, Census Tract 19.17, Mecklenburg County, North Carolina",618,97,521
15000US371190019172,"Block Group 2, Census Tract 19.17, Mecklenburg County, North Carolina",745,181,564
15000US371190019181,"Block Group 1, Census Tract 19.18, Mecklenburg County, North Carolina",223,20,203
15000US371190019182,"Block Group 2, Census Tract 19.18, Mecklenburg County, North Carolina",961,102,859
15000US371190019183,"Block Group 3, Census Tract 19.18, Mecklenburg County, North Carolina",521,118,403
15000US371190019191,"Block Group 1, Census Tract 19.19, Mecklenburg County, North Carolina",559,154,405
15000US371190019192,"Block Group 2, Census Tract 19.19, Mecklenburg County, North Carolina",419,45,374
15000US371190019193,"Block Group 3, Census Tract 19.19, Mecklenburg County, North Carolina",538,84,454
15000US371190019201,"Block Group 1, Census Tract 19.20, Mecklenburg County, North Carolina",654,249,405
15000US371190019202,"Block Group 2, Census Tract 19.20, Mecklenburg County, North Carolina",533,66,467
15000US371190019203,"Block Group 3, Census Tract 19.20, Mecklenburg County, North Carolina",358,87,271
15000US371190019211,"Block Group 1, Census Tract 19.21, Mecklenburg County, North Carolina",840,106,734
15000US371190019221,"Block Group 1, Census Tract 19.22, Mecklenburg County, North Carolina",584,113,471
15000US371190019222,"Block Group 2, Census Tract 19.22, Mecklenburg County, North Carolina",938,131,807
15000US371190019231,"Block Group 1, Census Tract 19.23, Mecklenburg County, North Carolina",1051,98,953
15000US371190019232,"Block Group 2, Census Tract 19.23, Mecklenburg County, North Carolina",427,84,343
15000US371190020021,"Block Group 1, Census Tract 20.02, Mecklenburg County, North Carolina",859,87,772
15000US371190020022,"Block Group 2, Census Tract 20.02, Mecklenburg County, North Carolina",617,0,617
15000US371190020023,"Block Group 3, Census Tract 20.02, Mecklenburg County, North Carolina",462,26,436
15000US371190020024,"Block Group 4, Census Tract 20.02, Mecklenburg County, North Carolina",678,20,658
15000US371190020031,"Block Group 1, Census Tract 20.03, Mecklenburg County, North Carolina",558,21,537
15000US371190020032,"Block Group 2, Census Tract 20.03, Mecklenburg County, North Carolina",334,21,313
15000US371190020033,"Block Group 3, Census Tract 20.03, Mecklenburg County, North Carolina",526,0,526
15000US371190020034,"Block Group 4, Census Tract 20.03, Mecklenburg County, North Carolina",309,21,288
15000US371190020035,"Block Group 5, Census Tract 20.03, Mecklenburg County, North Carolina",716,149,567
15000US371190020041,"Block Group 1, Census Tract 20.04, Mecklenburg County, North Carolina",577,50,527
15000US371190020042,"Block Group 2, Census Tract 20.04, Mecklenburg County, North Carolina",488,0,488
15000US371190020043,"Block Group 3, Census Tract 20.04, Mecklenburg County, North Carolina",1077,128,949
15000US371190021001,"Block Group 1, Census Tract 21, Mecklenburg County, North Carolina",420,96,324
15000US371190021002,"Block Group 2, Census Tract 21, Mecklenburg County, North Carolina",894,121,773
15000US371190022001,"Block Group 1, Census Tract 22, Mecklenburg County, North Carolina",706,39,667
15000US371190022002,"Block Group 2, Census Tract 22, Mecklenburg County, North Carolina",352,12,340
15000US371190022003,"Block Group 3, Census Tract 22, Mecklenburg County, North Carolina",506,35,471
15000US371190022004,"Block Group 4, Census Tract 22, Mecklenburg County, North Carolina",633,36,597
15000US371190023001,"Block Group 1, Census Tract 23, Mecklenburg County, North Carolina",203,74,129
15000US371190023002,"Block Group 2, Census Tract 23, Mecklenburg County, North Carolina",1017,589,428
15000US371190024001,"Block Group 1, Census Tract 24, Mecklenburg County, North Carolina",962,90,872
15000US371190024002,"Block Group 2, Census Tract 24, Mecklenburg County, North Carolina",502,12,490
15000US371190024003,"Block Group 3, Census Tract 24, Mecklenburg County, North Carolina",257,32,225
15000US371190025001,"Block Group 1, Census Tract 25, Mecklenburg County, North Carolina",699,36,663
15000US371190025002,"Block Group 2, Census Tract 25, Mecklenburg County, North Carolina",393,17,376
15000US371190026001,"Block Group 1, Census Tract 26, Mecklenburg County, North Carolina",577,120,457
15000US371190027011,"Block Group 1, Census Tract 27.01, Mecklenburg County, North Carolina",291,0,291
15000US371190027012,"Block Group 2, Census Tract 27.01, Mecklenburg County, North Carolina",523,33,490
15000US371190027013,"Block Group 3, Census Tract 27.01, Mecklenburg County, North Carolina",259,19,240
15000US371190027021,"Block Group 1, Census Tract 27.02, Mecklenburg County, North Carolina",842,32,810
15000US371190027022,"Block Group 2, Census Tract 27.02, Mecklenburg County, North Carolina",983,30,953
15000US371190027023,"Block Group 3, Census Tract 27.02, Mecklenburg County, North Carolina",398,14,384
15000US371190028001,"Block Group 1, Census Tract 28, Mecklenburg County, North Carolina",322,9,313
15000US371190028002,"Block Group 2, Census Tract 28, Mecklenburg County, North Carolina",398,0,398
15000US371190028003,"Block Group 3, Census Tract 28, Mecklenburg County, North Carolina",693,27,666
15000US371190029031,"Block Group 1, Census Tract 29.03, Mecklenburg County, North Carolina",478,0,478
15000US371190029032,"Block Group 2, Census Tract 29.03, Mecklenburg County, North Carolina",434,19,415
15000US371190029033,"Block Group 3, Census Tract 29.03, Mecklenburg County, North Carolina",1122,177,945
15000US371190029041,"Block Group 1, Census Tract 29.04, Mecklenburg County, North Carolina",547,25,522
15000US371190029042,"Block Group 2, Census Tract 29.04, Mecklenburg County, North Carolina",398,0,398
15000US371190029043,"Block Group 3, Census Tract 29.04, Mecklenburg County, North Carolina",724,60,664
15000US371190029044,"Block Group 4, Census Tract 29.04, Mecklenburg County, North Carolina",395,0,395
15000US371190029045,"Block Group 5, Census Tract 29.04, Mecklenburg County, North Carolina",624,61,563
15000US371190029051,"Block Group 1, Census Tract 29.05, Mecklenburg County, North Carolina",671,48,623
15000US371190029052,"Block Group 2, Census Tract 29.05, Mecklenburg County, North Carolina",637,36,601
15000US371190029061,"Block Group 1, Census Tract 29.06, Mecklenburg County, North Carolina",496,7,489
15000US371190029062,"Block Group 2, Census Tract 29.06, Mecklenburg County, North Carolina",1014,33,981
15000US371190029063,"Block Group 3, Census Tract 29.06, Mecklenburg County, North Carolina",874,174,700
15000US371190030061,"Block Group 1, Census Tract 30.06, Mecklenburg County, North Carolina",706,0,706
15000US371190030062,"Block Group 2, Census Tract 30.06, Mecklenburg County, North Carolina",1229,101,1128
15000US371190030071,"Block Group 1, Census Tract 30.07, Mecklenburg County, North Carolina",305,0,305
15000US371190030072,"Block Group 2, Census Tract 30.07, Mecklenburg County, North Carolina",674,0,674
15000US371190030073,"Block Group 3, Census Tract 30.07, Mecklenburg County, North Carolina",784,38,746
15000US371190030074,"Block Group 4, Census Tract 30.07, Mecklenburg County, North Carolina",447,41,406
15000US371190030075,"Block Group 5, Census Tract 30.07, Mecklenburg County, North Carolina",243,0,243
15000US371190030081,"Block Group 1, Census Tract 30.08, Mecklenburg County, North Carolina",780,47,733
15000US371190030082,"Block Group 2, Census Tract 30.08, Mecklenburg County, North Carolina",905,95,810
15000US371190030083,"Block Group 3, Census Tract 30.08, Mecklenburg County, North Carolina",849,11,838
15000US371190030111,"Block Group 1, Census Tract 30.11, Mecklenburg County, North Carolina",548,0,548
15000US371190030112,"Block Group 2, Census Tract 30.11, Mecklenburg County, North Carolina",285,20,265
15000US371190030113,"Block Group 3, Census Tract 30.11, Mecklenburg County, North Carolina",863,41,822
15000US371190030114,"Block Group 4, Census Tract 30.11, Mecklenburg County, North Carolina",365,0,365
15000US371190030115,"Block Group 5, Census Tract 30.11, Mecklenburg County, North Carolina",639,44,595
15000US371190030121,"Block Group 1, Census Tract 30.12, Mecklenburg County, North Carolina",633,0,633
15000US371190030122,"Block Group 2, Census Tract 30.12, Mecklenburg County, North Carolina",1154,72,1082
15000US371190030131,"Block Group 1, Census Tract 30.13, Mecklenburg County, North Carolina",1065,67,998
15000US371190030132,"Block Group 2, Census Tract 30.13, Mecklenburg County, North Carolina",970,45,925
15000US371190030151,"Block Group 1, Census Tract 30.15, Mecklenburg County, North Carolina",765,18,747
15000US371190030152,"Block Group 2, Census Tract 30.15, Mecklenburg County, North Carolina",789,18,771
15000US371190030153,"Block Group 3, Census Tract 30.15, Mecklenburg County, North Carolina",347,19,328
15000US371190030161,"Block Group 1, Census Tract 30.16, Mecklenburg County, North Carolina",1039,47,992
15000US371190030162,"Block Group 2, Census Tract 30.16, Mecklenburg County, North Carolina",325,0,325
15000US371190030163,"Block Group 3, Census Tract 30.16, Mecklenburg County, North Carolina",579,19,560
15000US371190030171,"Block Group 1, Census Tract 30.17, Mecklenburg County, North Carolina",460,11,449
15000US371190030172,"Block Group 2, Census Tract 30.17, Mecklenburg County, North Carolina",1048,31,1017
15000US371190030181,"Block Group 1, Census Tract 30.18, Mecklenburg County, North Carolina",1215,29,1186
15000US371190031021,"Block Group 1, Census Tract 31.02, Mecklenburg County, North Carolina",1077,159,918
15000US371190031022,"Block Group 2, Census Tract 31.02, Mecklenburg County, North Carolina",437,29,408
15000US371190031023,"Block Group 3, Census Tract 31.02, Mecklenburg County, North Carolina",701,100,601
15000US371190031031,"Block Group 1, Census Tract 31.03, Mecklenburg County, North Carolina",940,84,856
15000US371190031032,"Block Group 2, Census Tract 31.03, Mecklenburg County, North Carolina",1045,136,909
15000US371190031033,"Block Group 3, Census Tract 31.03, Mecklenburg County, North Carolina",284,19,265
15000US371190031051,"Block Group 1, Census Tract 31.05, Mecklenburg County, North Carolina",643,12,631
15000US371190031052,"Block Group 2, Census Tract 31.05, Mecklenburg County, North Carolina",1014,60,954
15000US371190031061,"Block Group 1, Census Tract 31.06, Mecklenburg County, North Carolina",905,163,742
15000US371190031062,"Block Group 2, Census Tract 31.06, Mecklenburg County, North Carolina",705,38,667
15000US371190031081,"Block Group 1, Census Tract 31.08, Mecklenburg County, North Carolina",694,169,525
15000US371190031082,"Block Group 2, Census Tract 31.08, Mecklenburg County, North Carolina",758,63,695
15000US371190031091,"Block Group 1, Census Tract 31.09, Mecklenburg County, North Carolina",1101,137,964
15000US371190031092,"Block Group 2, Census Tract 31.09, Mecklenburg County, North Carolina",577,181,396
15000US371190032011,"Block Group 1, Census Tract 32.01, Mecklenburg County, North Carolina",364,42,322
15000US371190032012,"Block Group 2, Census Tract 32.01, Mecklenburg County, North Carolina",721,91,630
15000US371190032031,"Block Group 1, Census Tract 32.03, Mecklenburg County, North Carolina",993,157,836
15000US371190032032,"Block Group 2, Census Tract 32.03, Mecklenburg County, North Carolina",411,37,374
15000US371190032041,"Block Group 1, Census Tract 32.04, Mecklenburg County, North Carolina",553,19,534
15000US371190032042,"Block Group 2, Census Tract 32.04, Mecklenburg County, North Carolina",663,36,627
15000US371190032043,"Block Group 3, Census Tract 32.04, Mecklenburg County, North Carolina",408,20,388
15000US371190033001,"Block Group 1, Census Tract 33, Mecklenburg County, North Carolina",770,91,679
15000US371190033002,"Block Group 2, Census Tract 33, Mecklenburg County, North Carolina",506,32,474
15000US371190033003,"Block Group 3, Census Tract 33, Mecklenburg County, North Carolina",459,27,432
15000US371190034001,"Block Group 1, Census Tract 34, Mecklenburg County, North Carolina",673,53,620
15000US371190034002,"Block Group 2, Census Tract 34, Mecklenburg County, North Carolina",462,24,438
15000US371190034003,"Block Group 3, Census Tract 34, Mecklenburg County, North Carolina",663,0,663
15000US371190034004,"Block Group 4, Census Tract 34, Mecklenburg County, North Carolina",688,77,611
15000US371190035001,"Block Group 1, Census Tract 35, Mecklenburg County, North Carolina",713,18,695
15000US371190035002,"Block Group 2, Census Tract 35, Mecklenburg County, North Carolina",598,0,598
15000US371190036001,"Block Group 1, Census Tract 36, Mecklenburg County, North Carolina",575,36,539
15000US371190036002,"Block Group 2, Census Tract 36, Mecklenburg County, North Carolina",541,27,514
15000US371190036003,"Block Group 3, Census Tract 36, Mecklenburg County, North Carolina",350,102,248
15000US371190036004,"Block Group 4, Census Tract 36, Mecklenburg County, North Carolina",256,82,174
15000US371190037001,"Block Group 1, Census Tract 37, Mecklenburg County, North Carolina",1076,76,1000
15000US371190037002,"Block Group 2, Census Tract 37, Mecklenburg County, North Carolina",929,379,550
15000US371190038021,"Block Group 1, Census Tract 38.02, Mecklenburg County, North Carolina",349,27,322
15000US371190038022,"Block Group 2, Census Tract 38.02, Mecklenburg County, North Carolina",845,279,566
15000US371190038023,"Block Group 3, Census Tract 38.02, Mecklenburg County, North Carolina",55,10,45
15000US371190038051,"Block Group 1, Census Tract 38.05, Mecklenburg County, North Carolina",1267,178,1089
15000US371190038061,"Block Group 1, Census Tract 38.06, Mecklenburg County, North Carolina",1490,111,1379
15000US371190038062,"Block Group 2, Census Tract 38.06, Mecklenburg County, North Carolina",461,61,400
15000US371190038063,"Block Group 3, Census Tract 38.06, Mecklenburg County, North Carolina",1178,104,1074
15000US371190038064,"Block Group 4, Census Tract 38.06, Mecklenburg County, North Carolina",715,111,604
15000US371190038071,"Block Group 1, Census Tract 38.07, Mecklenburg County, North Carolina",424,91,333
15000US371190038072,"Block Group 2, Census Tract 38.07, Mecklenburg County, North Carolina",1040,242,798
15000US371190038081,"Block Group 1, Census Tract 38.08, Mecklenburg County, North Carolina",718,281,437
15000US371190038082,"Block Group 2, Census Tract 38.08, Mecklenburg County, North Carolina",1213,120,1093
15000US371190039021,"Block Group 1, Census Tract 39.02, Mecklenburg County, North Carolina",488,88,400
15000US371190039022,"Block Group 2, Census Tract 39.02, Mecklenburg County, North Carolina",602,204,398
15000US371190039023,"Block Group 3, Census Tract 39.02, Mecklenburg County, North Carolina",314,150,164
15000US371190039024,"Block Group 4, Census Tract 39.02, Mecklenburg County, North Carolina",523,187,336
15000US371190039031,"Block Group 1, Census Tract 39.03, Mecklenburg County, North Carolina",375,268,107
15000US371190039032,"Block Group 2, Census Tract 39.03, Mecklenburg County, North Carolina",474,207,267
15000US371190040001,"Block Group 1, Census Tract 40, Mecklenburg County, North Carolina",425,159,266
15000US371190040002,"Block Group 2, Census Tract 40, Mecklenburg County, North Carolina",325,141,184
15000US371190040003,"Block Group 3, Census Tract 40, Mecklenburg County, North Carolina",503,105,398
15000US371190040004,"Block Group 4, Census Tract 40, Mecklenburg County, North Carolina",582,80,502
15000US371190041001,"Block Group 1, Census Tract 41, Mecklenburg County, North Carolina",267,62,205
15000US371190041002,"Block Group 2, Census Tract 41, Mecklenburg County, North Carolina",963,76,887
15000US371190041003,"Block Group 3, Census Tract 41, Mecklenburg County, North Carolina",300,41,259
15000US371190041004,"Block Group 4, Census Tract 41, Mecklenburg County, North Carolina",321,78,243
15000US371190042001,"Block Group 1, Census Tract 42, Mecklenburg County, North Carolina",269,77,192
15000US371190042002,"Block Group 2, Census Tract 42, Mecklenburg County, North Carolina",357,141,216
15000US371190042003,"Block Group 3, Census Tract 42, Mecklenburg County, North Carolina",193,70,123
15000US371190042004,"Block Group 4, Census Tract 42, Mecklenburg County, North Carolina",447,62,385
15000US371190043021,"Block Group 1, Census Tract 43.02, Mecklenburg County, North Carolina",392,140,252
15000US371190043022,"Block Group 2, Census Tract 43.02, Mecklenburg County, North Carolina",973,133,840
15000US371190043023,"Block Group 3, Census Tract 43.02, Mecklenburg County, North Carolina",479,162,317
15000US371190043031,"Block Group 1, Census Tract 43.03, Mecklenburg County, North Carolina",1047,138,909
15000US371190043041,"Block Group 1, Census Tract 43.04, Mecklenburg County, North Carolina",1057,242,815
15000US371190043042,"Block Group 2, Census Tract 43.04, Mecklenburg County, North Carolina",369,59,310
15000US371190043051,"Block Group 1, Census Tract 43.05, Mecklenburg County, North Carolina",1028,100,928
15000US371190043052,"Block Group 2, Census Tract 43.05, Mecklenburg County, North Carolina",1239,168,1071
15000US371190044001,"Block Group 1, Census Tract 44, Mecklenburg County, North Carolina",457,51,406
15000US371190044002,"Block Group 2, Census Tract 44, Mecklenburg County, North Carolina",1106,88,1018
15000US371190045001,"Block Group 1, Census Tract 45, Mecklenburg County, North Carolina",316,177,139
15000US371190045002,"Block Group 2, Census Tract 45, Mecklenburg County, North Carolina",404,94,310
15000US371190045003,"Block Group 3, Census Tract 45, Mecklenburg County, North Carolina",338,98,240
15000US371190046001,"Block Group 1, Census Tract 46, Mecklenburg County, North Carolina",517,97,420
15000US371190046002,"Block Group 2, Census Tract 46, Mecklenburg County, North Carolina",641,256,385
15000US371190047001,"Block Group 1, Census Tract 47, Mecklenburg County, North Carolina",413,133,280
15000US371190048001,"Block Group 1, Census Tract 48, Mecklenburg County, North Carolina",589,209,380
15000US371190048002,"Block Group 2, Census Tract 48, Mecklenburg County, North Carolina",426,118,308
15000US371190048003,"Block Group 3, Census Tract 48, Mecklenburg County, North Carolina",505,133,372
15000US371190049001,"Block Group 1, Census Tract 49, Mecklenburg County, North Carolina",251,63,188
15000US371190050001,"Block Group 1, Census Tract 50, Mecklenburg County, North Carolina",445,125,320
15000US371190050002,"Block Group 2, Census Tract 50, Mecklenburg County, North Carolina",457,28,429
15000US371190051001,"Block Group 1, Census Tract 51, Mecklenburg County, North Carolina",379,99,280
15000US371190051002,"Block Group 2, Census Tract 51, Mecklenburg County, North Carolina",624,213,411
15000US371190052001,"Block Group 1, Census Tract 52, Mecklenburg County, North Carolina",199,59,140
15000US371190052002,"Block Group 2, Census Tract 52, Mecklenburg County, North Carolina",258,99,159
15000US371190052003,"Block Group 3, Census Tract 52, Mecklenburg County, North Carolina",266,64,202
15000US371190053011,"Block Group 1, Census Tract 53.01, Mecklenburg County, North Carolina",1194,206,988
15000US371190053012,"Block Group 2, Census Tract 53.01, Mecklenburg County, North Carolina",336,40,296
15000US371190053051,"Block Group 1, Census Tract 53.05, Mecklenburg County, North Carolina",170,0,170
15000US371190053052,"Block Group 2, Census Tract 53.05, Mecklenburg County, North Carolina",573,141,432
15000US371190053053,"Block Group 3, Census Tract 53.05, Mecklenburg County, North Carolina",855,162,693
15000US371190053061,"Block Group 1, Census Tract 53.06, Mecklenburg County, North Carolina",243,54,189
15000US371190053062,"Block Group 2, Census Tract 53.06, Mecklenburg County, North Carolina",629,151,478
15000US371190053071,"Block Group 1, Census Tract 53.07, Mecklenburg County, North Carolina",1173,338,835
15000US371190053072,"Block Group 2, Census Tract 53.07, Mecklenburg County, North Carolina",497,192,305
15000US371190053081,"Block Group 1, Census Tract 53.08, Mecklenburg County, North Carolina",754,269,485
15000US371190053082,"Block Group 2, Census Tract 53.08, Mecklenburg County, North Carolina",305,71,234
15000US371190054011,"Block Group 1, Census Tract 54.01, Mecklenburg County, North Carolina",1160,66,1094
15000US371190054012,"Block Group 2, Census Tract 54.01, Mecklenburg County, North Carolina",1147,130,1017
15000US371190054013,"Block Group 3, Census Tract 54.01, Mecklenburg County, North Carolina",559,59,500
15000US371190054031,"Block Group 1, Census Tract 54.03, Mecklenburg County, North Carolina",1202,117,1085
15000US371190054032,"Block Group 2, Census Tract 54.03, Mecklenburg County, North Carolina",600,94,506
15000US371190054041,"Block Group 1, Census Tract 54.04, Mecklenburg County, North Carolina",1179,191,988
15000US371190054042,"Block Group 2, Census Tract 54.04, Mecklenburg County, North Carolina",813,49,764
15000US371190055081,"Block Group 1, Census Tract 55.08, Mecklenburg County, North Carolina",735,0,735
15000US371190055082,"Block Group 2, Census Tract 55.08, Mecklenburg County, North Carolina",808,4,804
15000US371190055091,"Block Group 1, Census Tract 55.09, Mecklenburg County, North Carolina",777,6,771
15000US371190055092,"Block Group 2, Census Tract 55.09, Mecklenburg County, North Carolina",583,15,568
15000US371190055093,"Block Group 3, Census Tract 55.09, Mecklenburg County, North Carolina",1213,74,1139
15000US371190055101,"Block Group 1, Census Tract 55.10, Mecklenburg County, North Carolina",670,99,571
15000US371190055102,"Block Group 2, Census Tract 55.10, Mecklenburg County, North Carolina",1435,93,1342
15000US371190055111,"Block Group 1, Census Tract 55.11, Mecklenburg County, North Carolina",393,0,393
15000US371190055112,"Block Group 2, Census Tract 55.11, Mecklenburg County, North Carolina",810,65,745
15000US371190055113,"Block Group 3, Census Tract 55.11, Mecklenburg County, North Carolina",747,41,706
15000US371190055121,"Block Group 1, Census Tract 55.12, Mecklenburg County, North Carolina",333,97,236
15000US371190055122,"Block Group 2, Census Tract 55.12, Mecklenburg County, North Carolina",536,30,506
15000US371190055123,"Block Group 3, Census Tract 55.12, Mecklenburg County, North Carolina",1036,93,943
15000US371190055131,"Block Group 1, Census Tract 55.13, Mecklenburg County, North Carolina",728,49,679
15000US371190055132,"Block Group 2, Census Tract 55.13, Mecklenburg County, North Carolina",534,51,483
15000US371190055133,"Block Group 3, Census Tract 55.13, Mecklenburg County, North Carolina",345,37,308
15000US371190055141,"Block Group 1, Census Tract 55.14, Mecklenburg County, North Carolina",972,23,949
15000US371190055142,"Block Group 2, Census Tract 55.14, Mecklenburg County, North Carolina",956,89,867
15000US371190055143,"Block Group 3, Census Tract 55.14, Mecklenburg County, North Carolina",1234,72,1162
15000US371190055151,"Block Group 1, Census Tract 55.15, Mecklenburg County, North Carolina",1001,40,961
15000US371190055161,"Block Group 1, Census Tract 55.16, Mecklenburg County, North Carolina",636,42,594
15000US371190055171,"Block Group 1, Census Tract 55.17, Mecklenburg County, North Carolina",1291,32,1259
15000US371190055172,"Block Group 2, Census Tract 55.17, Mecklenburg County, North Carolina",413,0,413
15000US371190055181,"Block Group 1, Census Tract 55.18, Mecklenburg County, North Carolina",1334,0,1334
15000US371190055182,"Block Group 2, Census Tract 55.18, Mecklenburg County, North Carolina",845,62,783
15000US371190055191,"Block Group 1, Census Tract 55.19, Mecklenburg County, North Carolina",842,49,793
15000US371190055192,"Block Group 2, Census Tract 55.19, Mecklenburg County, North Carolina",1111,125,986
15000US371190055201,"Block Group 1, Census Tract 55.20, Mecklenburg County, North Carolina",1308,18,1290
15000US371190055202,"Block Group 2, Census Tract 55.20, Mecklenburg County, North Carolina",229,36,193
15000US371190055211,"Block Group 1, Census Tract 55.21, Mecklenburg County, North Carolina",435,117,318
15000US371190055212,"Block Group 2, Census Tract 55.21, Mecklenburg County, North Carolina",1145,90,1055
15000US371190055213,"Block Group 3, Census Tract 55.21, Mecklenburg County, North Carolina",1800,144,1656
15000US371190055221,"Block Group 1, Census Tract 55.22, Mecklenburg County, North Carolina",613,0,613
15000US371190055222,"Block Group 2, Census Tract 55.22, Mecklenburg County, North Carolina",1108,13,1095
15000US371190055223,"Block Group 3, Census Tract 55.22, Mecklenburg County, North Carolina",519,27,492
15000US371190055231,"Block Group 1, Census Tract 55.23, Mecklenburg County, North Carolina",632,20,612
15000US371190055232,"Block Group 2, Census Tract 55.23, Mecklenburg County, North Carolina",1330,226,1104
15000US371190055233,"Block Group 3, Census Tract 55.23, Mecklenburg County, North Carolina",916,175,741
15000US371190055241,"Block Group 1, Census Tract 55.24, Mecklenburg County, North Carolina",288,0,288
15000US371190055242,"Block Group 2, Census Tract 55.24, Mecklenburg County, North Carolina",627,55,572
15000US371190055243,"Block Group 3, Census Tract 55.24, Mecklenburg County, North Carolina",816,116,700
15000US371190055244,"Block Group 4, Census Tract 55.24, Mecklenburg County, North Carolina",637,63,574
15000US371190055245,"Block Group 5, Census Tract 55.24, Mecklenburg County, North Carolina",729,136,593
15000US371190055246,"Block Group 6, Census Tract 55.24, Mecklenburg County, North Carolina",683,15,668
15000US371190056041,"Block Group 1, Census Tract 56.04, Mecklenburg County, North Carolina",722,317,405
15000US371190056042,"Block Group 2, Census Tract 56.04, Mecklenburg County, North Carolina",0,0,0
15000US371190056043,"Block Group 3, Census Tract 56.04, Mecklenburg County, North Carolina",0,0,0
15000US371190056051,"Block Group 1, Census Tract 56.05, Mecklenburg County, North Carolina",1254,188,1066
15000US371190056052,"Block Group 2, Census Tract 56.05, Mecklenburg County, North Carolina",787,147,640
15000US371190056053,"Block Group 3, Census Tract 56.05, Mecklenburg County, North Carolina",890,421,469
15000US371190056091,"Block Group 1, Census Tract 56.09, Mecklenburg County, North Carolina",1261,690,571
15000US371190056101,"Block Group 1, Census Tract 56.10, Mecklenburg County, North Carolina",373,87,286
15000US371190056102,"Block Group 2, Census Tract 56.10, Mecklenburg County, North Carolina",940,120,820
15000US371190056111,"Block Group 1, Census Tract 56.11, Mecklenburg County, North Carolina",1180,122,1058
15000US371190056121,"Block Group 1, Census Tract 56.12, Mecklenburg County, North Carolina",1146,103,1043
15000US371190056122,"Block Group 2, Census Tract 56.12, Mecklenburg County, North Carolina",764,35,729
15000US371190056131,"Block Group 1, Census Tract 56.13, Mecklenburg County, North Carolina",1173,80,1093
15000US371190056141,"Block Group 1, Census Tract 56.14, Mecklenburg County, North Carolina",867,45,822
15000US371190056142,"Block Group 2, Census Tract 56.14, Mecklenburg County, North Carolina",1055,62,993
15000US371190056143,"Block Group 3, Census Tract 56.14, Mecklenburg County, North Carolina",1001,26,975
15000US371190056151,"Block Group 1, Census Tract 56.15, Mecklenburg County, North Carolina",658,8,650
15000US371190056161,"Block Group 1, Census Tract 56.16, Mecklenburg County, North Carolina",504,69,435
15000US371190056171,"Block Group 1, Census Tract 56.17, Mecklenburg County, North Carolina",724,94,630
15000US371190056172,"Block Group 2, Census Tract 56.17, Mecklenburg County, North Carolina",17,0,17
15000US371190056181,"Block Group 1, Census Tract 56.18, Mecklenburg County, North Carolina",667,11,656
15000US371190056182,"Block Group 2, Census Tract 56.18, Mecklenburg County, North Carolina",465,72,393
15000US371190056191,"Block Group 1, Census Tract 56.19, Mecklenburg County, North Carolina",897,79,818
15000US371190056192,"Block Group 2, Census Tract 56.19, Mecklenburg County, North Carolina",688,26,662
15000US371190056201,"Block Group 1, Census Tract 56.20, Mecklenburg County, North Carolina",989,133,856
15000US371190056202,"Block Group 2, Census Tract 56.20, Mecklenburg County, North Carolina",1484,133,1351
15000US371190056203,"Block Group 3, Census Tract 56.20, Mecklenburg County, North Carolina",807,62,745
15000US371190056211,"Block Group 1, Census Tract 56.21, Mecklenburg County, North Carolina",889,44,845
15000US371190056212,"Block Group 2, Census Tract 56.21, Mecklenburg County, North Carolina",230,0,230
15000US371190056213,"Block Group 3, Census Tract 56.21, Mecklenburg County, North Carolina",480,14,466
15000US371190057061,"Block Group 1, Census Tract 57.06, Mecklenburg County, North Carolina",777,83,694
15000US371190057062,"Block Group 2, Census Tract 57.06, Mecklenburg County, North Carolina",600,123,477
15000US371190057063,"Block Group 3, Census Tract 57.06, Mecklenburg County, North Carolina",571,10,561
15000US371190057064,"Block Group 4, Census Tract 57.06, Mecklenburg County, North Carolina",759,37,722
15000US371190057091,"Block Group 1, Census Tract 57.09, Mecklenburg County, North Carolina",861,48,813
15000US371190057092,"Block Group 2, Census Tract 57.09, Mecklenburg County, North Carolina",791,19,772
15000US371190057101,"Block Group 1, Census Tract 57.10, Mecklenburg County, North Carolina",776,114,662
15000US371190057102,"Block Group 2, Census Tract 57.10, Mecklenburg County, North Carolina",1009,139,870
15000US371190057111,"Block Group 1, Census Tract 57.11, Mecklenburg County, North Carolina",167,0,167
15000US371190057112,"Block Group 2, Census Tract 57.11, Mecklenburg County, North Carolina",987,28,959
15000US371190057113,"Block Group 3, Census Tract 57.11, Mecklenburg County, North Carolina",1222,64,1158
15000US371190057121,"Block Group 1, Census Tract 57.12, Mecklenburg County, North Carolina",912,8,904
15000US371190057122,"Block Group 2, Census Tract 57.12, Mecklenburg County, North Carolina",588,17,571
15000US371190057131,"Block Group 1, Census Tract 57.13, Mecklenburg County, North Carolina",862,49,813
15000US371190057132,"Block Group 2, Census Tract 57.13, Mecklenburg County, North Carolina",732,26,706
15000US371190057141,"Block Group 1, Census Tract 57.14, Mecklenburg County, North Carolina",832,18,814
15000US371190057142,"Block Group 2, Census Tract 57.14, Mecklenburg County, North Carolina",619,17,602
15000US371190057143,"Block Group 3, Census Tract 57.14, Mecklenburg County, North Carolina",481,29,452
15000US371190057151,"Block Group 1, Census Tract 57.15, Mecklenburg County, North Carolina",937,50,887
15000US371190057161,"Block Group 1, Census Tract 57.16, Mecklenburg County, North Carolina",794,10,784
15000US371190057162,"Block Group 2, Census Tract 57.16, Mecklenburg County, North Carolina",1051,35,1016
15000US371190057171,"Block Group 1, Census Tract 57.17, Mecklenburg County, North Carolina",1068,137,931
15000US371190057172,"Block Group 2, Census Tract 57.17, Mecklenburg County, North Carolina",416,33,383
15000US371190057173,"Block Group 3, Census Tract 57.17, Mecklenburg County, North Carolina",1197,99,1098
15000US371190058111,"Block Group 1, Census Tract 58.11, Mecklenburg County, North Carolina",1166,79,1087
15000US371190058112,"Block Group 2, Census Tract 58.11, Mecklenburg County, North Carolina",787,34,753
15000US371190058121,"Block Group 1, Census Tract 58.12, Mecklenburg County, North Carolina",1069,89,980
15000US371190058122,"Block Group 2, Census Tract 58.12, Mecklenburg County, North Carolina",1217,119,1098
15000US371190058123,"Block Group 3, Census Tract 58.12, Mecklenburg County, North Carolina",908,145,763
15000US371190058151,"Block Group 1, Census Tract 58.15, Mecklenburg County, North Carolina",1203,73,1130
15000US371190058152,"Block Group 2, Census Tract 58.15, Mecklenburg County, North Carolina",366,0,366
15000US371190058161,"Block Group 1, Census Tract 58.16, Mecklenburg County, North Carolina",1260,40,1220
15000US371190058162,"Block Group 2, Census Tract 58.16, Mecklenburg County, North Carolina",487,22,465
15000US371190058171,"Block Group 1, Census Tract 58.17, Mecklenburg County, North Carolina",520,17,503
15000US371190058172,"Block Group 2, Census Tract 58.17, Mecklenburg County, North Carolina",1135,41,1094
15000US371190058231,"Block Group 1, Census Tract 58.23, Mecklenburg County, North Carolina",533,0,533
15000US371190058232,"Block Group 2, Census Tract 58.23, Mecklenburg County, North Carolina",565,0,565
15000US371190058233,"Block Group 3, Census Tract 58.23, Mecklenburg County, North Carolina",898,110,788
15000US371190058234,"Block Group 4, Census Tract 58.23, Mecklenburg County, North Carolina",1289,16,1273
15000US371190058241,"Block Group 1, Census Tract 58.24, Mecklenburg County, North Carolina",1284,198,1086
15000US371190058251,"Block Group 1, Census Tract 58.25, Mecklenburg County, North Carolina",1617,145,1472
15000US371190058252,"Block Group 2, Census Tract 58.25, Mecklenburg County, North Carolina",680,74,606
15000US371190058261,"Block Group 1, Census Tract 58.26, Mecklenburg County, North Carolina",230,33,197
15000US371190058262,"Block Group 2, Census Tract 58.26, Mecklenburg County, North Carolina",884,110,774
15000US371190058271,"Block Group 1, Census Tract 58.27, Mecklenburg County, North Carolina",1186,100,1086
15000US371190058281,"Block Group 1, Census Tract 58.28, Mecklenburg County, North Carolina",895,34,861
15000US371190058282,"Block Group 2, Census Tract 58.28, Mecklenburg County, North Carolina",138,8,130
15000US371190058283,"Block Group 3, Census Tract 58.28, Mecklenburg County, North Carolina",670,29,641
15000US371190058291,"Block Group 1, Census Tract 58.29, Mecklenburg County, North Carolina",411,33,378
15000US371190058292,"Block Group 2, Census Tract 58.29, Mecklenburg County, North Carolina",561,17,544
15000US371190058301,"Block Group 1, Census Tract 58.30, Mecklenburg County, North Carolina",651,38,613
15000US371190058302,"Block Group 2, Census Tract 58.30, Mecklenburg County, North Carolina",948,77,871
15000US371190058311,"Block Group 1, Census Tract 58.31, Mecklenburg County, North Carolina",1114,115,999
15000US371190058312,"Block Group 2, Census Tract 58.31, Mecklenburg County, North Carolina",975,84,891
15000US371190058313,"Block Group 3, Census Tract 58.31, Mecklenburg County, North Carolina",176,11,165
15000US371190058321,"Block Group 1, Census Tract 58.32, Mecklenburg County, North Carolina",1076,53,1023
15000US371190058331,"Block Group 1, Census Tract 58.33, Mecklenburg County, North Carolina",377,0,377
15000US371190058332,"Block Group 2, Census Tract 58.33, Mecklenburg County, North Carolina",972,0,972
15000US371190058333,"Block Group 3, Census Tract 58.33, Mecklenburg County, North Carolina",694,50,644
15000US371190058341,"Block Group 1, Census Tract 58.34, Mecklenburg County, North Carolina",1139,70,1069
15000US371190058342,"Block Group 2, Census Tract 58.34, Mecklenburg County, North Carolina",560,31,529
15000US371190058351,"Block Group 1, Census Tract 58.35, Mecklenburg County, North Carolina",1034,115,919
15000US371190058361,"Block Group 1, Census Tract 58.36, Mecklenburg County, North Carolina",792,138,654
15000US371190058362,"Block Group 2, Census Tract 58.36, Mecklenburg County, North Carolina",437,28,409
15000US371190058371,"Block Group 1, Census Tract 58.37, Mecklenburg County, North Carolina",871,15,856
15000US371190058372,"Block Group 2, Census Tract 58.37, Mecklenburg County, North Carolina",803,20,783
15000US371190058373,"Block Group 3, Census Tract 58.37, Mecklenburg County, North Carolina",463,0,463
15000US371190058374,"Block Group 4, Census Tract 58.37, Mecklenburg County, North Carolina",858,43,815
15000US371190058381,"Block Group 1, Census Tract 58.38, Mecklenburg County, North Carolina",867,22,845
15000US371190058382,"Block Group 2, Census Tract 58.38, Mecklenburg County, North Carolina",951,45,906
15000US371190058383,"Block Group 3, Census Tract 58.38, Mecklenburg County, North Carolina",1669,36,1633
15000US371190058391,"Block Group 1, Census Tract 58.39, Mecklenburg County, North Carolina",1132,97,1035
15000US371190058401,"Block Group 1, Census Tract 58.40, Mecklenburg County, North Carolina",865,17,848
15000US371190058411,"Block Group 1, Census Tract 58.41, Mecklenburg County, North Carolina",1020,10,1010
15000US371190058412,"Block Group 2, Census Tract 58.41, Mecklenburg County, North Carolina",382,0,382
15000US371190058413,"Block Group 3, Census Tract 58.41, Mecklenburg County, North Carolina",1305,37,1268
15000US371190058421,"Block Group 1, Census Tract 58.42, Mecklenburg County, North Carolina",809,34,775
15000US371190058422,"Block Group 2, Census Tract 58.42, Mecklenburg County, North Carolina",597,21,576
15000US371190058423,"Block Group 3, Census Tract 58.42, Mecklenburg County, North Carolina",1223,81,1142
15000US371190058431,"Block Group 1, Census Tract 58.43, Mecklenburg County, North Carolina",467,39,428
15000US371190058432,"Block Group 2, Census Tract 58.43, Mecklenburg County, North Carolina",793,45,748
15000US371190058441,"Block Group 1, Census Tract 58.44, Mecklenburg County, North Carolina",1326,23,1303
15000US371190058442,"Block Group 2, Census Tract 58.44, Mecklenburg County, North Carolina",1755,47,1708
15000US371190058451,"Block Group 1, Census Tract 58.45, Mecklenburg County, North Carolina",501,0,501
15000US371190058452,"Block Group 2, Census Tract 58.45, Mecklenburg County, North Carolina",1106,11,1095
15000US371190058461,"Block Group 1, Census Tract 58.46, Mecklenburg County, North Carolina",564,32,532
15000US371190058462,"Block Group 2, Census Tract 58.46, Mecklenburg County, North Carolina",789,10,779
15000US371190058471,"Block Group 1, Census Tract 58.47, Mecklenburg County, North Carolina",579,11,568
15000US371190058472,"Block Group 2, Census Tract 58.47, Mecklenburg County, North Carolina",816,19,797
15000US371190058473,"Block Group 3, Census Tract 58.47, Mecklenburg County, North Carolina",438,32,406
15000US371190058481,"Block Group 1, Census Tract 58.48, Mecklenburg County, North Carolina",821,8,813
15000US371190058482,"Block Group 2, Census Tract 58.48, Mecklenburg County, North Carolina",578,3,575
15000US371190058483,"Block Group 3, Census Tract 58.48, Mecklenburg County, North Carolina",334,8,326
15000US371190059061,"Block Group 1, Census Tract 59.06, Mecklenburg County, North Carolina",911,119,792
15000US371190059062,"Block Group 2, Census Tract 59.06, Mecklenburg County, North Carolina",235,103,132
15000US371190059063,"Block Group 3, Census Tract 59.06, Mecklenburg County, North Carolina",529,73,456
15000US371190059064,"Block Group 4, Census Tract 59.06, Mecklenburg County, North Carolina",136,54,82
15000US371190059071,"Block Group 1, Census Tract 59.07, Mecklenburg County, North Carolina",1636,81,1555
15000US371190059072,"Block Group 2, Census Tract 59.07, Mecklenburg County, North Carolina",707,0,707
15000US371190059081,"Block Group 1, Census Tract 59.08, Mecklenburg County, North Carolina",635,21,614
15000US371190059091,"Block Group 1, Census Tract 59.09, Mecklenburg County, North Carolina",1609,0,1609
15000US371190059092,"Block Group 2, Census Tract 59.09, Mecklenburg County, North Carolina",1433,116,1317
15000US371190059101,"Block Group 1, Census Tract 59.10, Mecklenburg County, North Carolina",2100,61,2039
15000US371190059111,"Block Group 1, Census Tract 59.11, Mecklenburg County, North Carolina",1324,20,1304
15000US371190059112,"Block Group 2, Census Tract 59.11, Mecklenburg County, North Carolina",1104,61,1043
15000US371190059121,"Block Group 1, Census Tract 59.12, Mecklenburg County, North Carolina",562,39,523
15000US371190059122,"Block Group 2, Census Tract 59.12, Mecklenburg County, North Carolina",2101,140,1961
15000US371190059131,"Block Group 1, Census Tract 59.13, Mecklenburg County, North Carolina",499,43,456
15000US371190059132,"Block Group 2, Census Tract 59.13, Mecklenburg County, North Carolina",1143,28,1115
15000US371190059133,"Block Group 3, Census Tract 59.13, Mecklenburg County, North Carolina",635,0,635
15000US371190059141,"Block Group 1, Census Tract 59.14, Mecklenburg County, North Carolina",1313,24,1289
15000US371190059142,"Block Group 2, Census Tract 59.14, Mecklenburg County, North Carolina",473,0,473
15000US371190059143,"Block Group 3, Census Tract 59.14, Mecklenburg County, North Carolina",1064,68,996
15000US371190059151,"Block Group 1, Census Tract 59.15, Mecklenburg County, North Carolina",1233,56,1177
15000US371190059161,"Block Group 1, Census Tract 59.16, Mecklenburg County, North Carolina",552,90,462
15000US371190059162,"Block Group 2, Census Tract 59.16, Mecklenburg County, North Carolina",405,105,300
15000US371190059171,"Block Group 1, Census Tract 59.17, Mecklenburg County, North Carolina",1411,100,1311
15000US371190059172,"Block Group 2, Census Tract 59.17, Mecklenburg County, North Carolina",996,40,956
15000US371190059181,"Block Group 1, Census Tract 59.18, Mecklenburg County, North Carolina",1391,73,1318
15000US371190060051,"Block Group 1, Census Tract 60.05, Mecklenburg County, North Carolina",1151,129,1022
15000US371190060061,"Block Group 1, Census Tract 60.06, Mecklenburg County, North Carolina",1105,87,1018
15000US371190060062,"Block Group 2, Census Tract 60.06, Mecklenburg County, North Carolina",799,3,796
15000US371190060063,"Block Group 3, Census Tract 60.06, Mecklenburg County, North Carolina",522,92,430
15000US371190060071,"Block Group 1, Census Tract 60.07, Mecklenburg County, North Carolina",1173,65,1108
15000US371190060072,"Block Group 2, Census Tract 60.07, Mecklenburg County, North Carolina",559,26,533
15000US371190060073,"Block Group 3, Census Tract 60.07, Mecklenburg County, North Carolina",1042,0,1042
15000US371190060081,"Block Group 1, Census Tract 60.08, Mecklenburg County, North Carolina",722,108,614
15000US371190060082,"Block Group 2, Census Tract 60.08, Mecklenburg County, North Carolina",852,78,774
15000US371190060091,"Block Group 1, Census Tract 60.09, Mecklenburg County, North Carolina",555,107,448
15000US371190060092,"Block Group 2, Census Tract 60.09, Mecklenburg County, North Carolina",773,63,710
15000US371190060101,"Block Group 1, Census Tract 60.10, Mecklenburg County, North Carolina",766,65,701
15000US371190060102,"Block Group 2, Census Tract 60.10, Mecklenburg County, North Carolina",625,46,579
15000US371190060103,"Block Group 3, Census Tract 60.10, Mecklenburg County, North Carolina",645,160,485
15000US371190060104,"Block Group 4, Census Tract 60.10, Mecklenburg County, North Carolina",418,70,348
15000US371190061031,"Block Group 1, Census Tract 61.03, Mecklenburg County, North Carolina",805,85,720
15000US371190061032,"Block Group 2, Census Tract 61.03, Mecklenburg County, North Carolina",649,46,603
15000US371190061041,"Block Group 1, Census Tract 61.04, Mecklenburg County, North Carolina",429,31,398
15000US371190061042,"Block Group 2, Census Tract 61.04, Mecklenburg County, North Carolina",591,61,530
15000US371190061043,"Block Group 3, Census Tract 61.04, Mecklenburg County, North Carolina",1450,88,1362
15000US371190061044,"Block Group 4, Census Tract 61.04, Mecklenburg County, North Carolina",667,14,653
15000US371190061051,"Block Group 1, Census Tract 61.05, Mecklenburg County, North Carolina",1085,22,1063
15000US371190061061,"Block Group 1, Census Tract 61.06, Mecklenburg County, North Carolina",1016,21,995
15000US371190061062,"Block Group 2, Census Tract 61.06, Mecklenburg County, North Carolina",1150,53,1097
15000US371190061071,"Block Group 1, Census Tract 61.07, Mecklenburg County, North Carolina",1415,119,1296
15000US371190061072,"Block Group 2, Census Tract 61.07, Mecklenburg County, North Carolina",1259,62,1197
15000US371190061081,"Block Group 1, Census Tract 61.08, Mecklenburg County, North Carolina",917,85,832
15000US371190061082,"Block Group 2, Census Tract 61.08, Mecklenburg County, North Carolina",740,119,621
15000US371190061091,"Block Group 1, Census Tract 61.09, Mecklenburg County, North Carolina",1252,185,1067
15000US371190062031,"Block Group 1, Census Tract 62.03, Mecklenburg County, North Carolina",447,34,413
15000US371190062032,"Block Group 2, Census Tract 62.03, Mecklenburg County, North Carolina",962,130,832
15000US371190062033,"Block Group 3, Census Tract 62.03, Mecklenburg County, North Carolina",883,87,796
15000US371190062041,"Block Group 1, Census Tract 62.04, Mecklenburg County, North Carolina",819,28,791
15000US371190062042,"Block Group 2, Census Tract 62.04, Mecklenburg County, North Carolina",586,10,576
15000US371190062043,"Block Group 3, Census Tract 62.04, Mecklenburg County, North Carolina",1171,37,1134
15000US371190062044,"Block Group 4, Census Tract 62.04, Mecklenburg County, North Carolina",670,130,540
15000US371190062081,"Block Group 1, Census Tract 62.08, Mecklenburg County, North Carolina",1461,74,1387
15000US371190062091,"Block Group 1, Census Tract 62.09, Mecklenburg County, North Carolina",465,40,425
15000US371190062092,"Block Group 2, Census Tract 62.09, Mecklenburg County, North Carolina",1102,70,1032
15000US371190062093,"Block Group 3, Census Tract 62.09, Mecklenburg County, North Carolina",848,46,802
15000US371190062101,"Block Group 1, Census Tract 62.10, Mecklenburg County, North Carolina",1039,45,994
15000US371190062102,"Block Group 2, Census Tract 62.10, Mecklenburg County, North Carolina",625,0,625
15000US371190062111,"Block Group 1, Census Tract 62.11, Mecklenburg County, North Carolina",1260,40,1220
15000US371190062112,"Block Group 2, Census Tract 62.11, Mecklenburg County, North Carolina",832,19,813
15000US371190062121,"Block Group 1, Census Tract 62.12, Mecklenburg County, North Carolina",768,29,739
15000US371190062122,"Block Group 2, Census Tract 62.12, Mecklenburg County, North Carolina",576,97,479
15000US371190062131,"Block Group 1, Census Tract 62.13, Mecklenburg County, North Carolina",1330,119,1211
15000US371190062132,"Block Group 2, Census Tract 62.13, Mecklenburg County, North Carolina",997,19,978
15000US371190062141,"Block Group 1, Census Tract 62.14, Mecklenburg County, North Carolina",545,7,538
15000US371190062142,"Block Group 2, Census Tract 62.14, Mecklenburg County, North Carolina",886,10,876
15000US371190062151,"Block Group 1, Census Tract 62.15, Mecklenburg County, North Carolina",1026,68,958
15000US371190062152,"Block Group 2, Census Tract 62.15, Mecklenburg County, North Carolina",923,28,895
15000US371190063021,"Block Group 1, Census Tract 63.02, Mecklenburg County, North Carolina",1428,30,1398
15000US371190063022,"Block Group 2, Census Tract 63.02, Mecklenburg County, North Carolina",389,11,378
15000US371190063023,"Block Group 3, Census Tract 63.02, Mecklenburg County, North Carolina",1113,33,1080
15000US371190063031,"Block Group 1, Census Tract 63.03, Mecklenburg County, North Carolina",947,141,806
15000US371190063032,"Block Group 2, Census Tract 63.03, Mecklenburg County, North Carolina",1555,16,1539
15000US371190063041,"Block Group 1, Census Tract 63.04, Mecklenburg County, North Carolina",263,0,263
15000US371190063042,"Block Group 2, Census Tract 63.04, Mecklenburg County, North Carolina",1223,55,1168
15000US371190063043,"Block Group 3, Census Tract 63.04, Mecklenburg County, North Carolina",797,41,756
15000US371190064031,"Block Group 1, Census Tract 64.03, Mecklenburg County, North Carolina",825,108,717
15000US371190064032,"Block Group 2, Census Tract 64.03, Mecklenburg County, North Carolina",59,0,59
15000US371190064033,"Block Group 3, Census Tract 64.03, Mecklenburg County, North Carolina",549,9,540
15000US371190064041,"Block Group 1, Census Tract 64.04, Mecklenburg County, North Carolina",667,0,667
15000US371190064042,"Block Group 2, Census Tract 64.04, Mecklenburg County, North Carolina",1315,9,1306
15000US371190064051,"Block Group 1, Census Tract 64.05, Mecklenburg County, North Carolina",1311,66,1245
15000US371190064052,"Block Group 2, Census Tract 64.05, Mecklenburg County, North Carolina",1101,80,1021
15000US371190064061,"Block Group 1, Census Tract 64.06, Mecklenburg County, North Carolina",722,241,481
15000US371190064062,"Block Group 2, Census Tract 64.06, Mecklenburg County, North Carolina",334,12,322
15000US371190064063,"Block Group 3, Census Tract 64.06, Mecklenburg County, North Carolina",1364,107,1257
15000US371190064071,"Block Group 1, Census Tract 64.07, Mecklenburg County, North Carolina",569,62,507
15000US371190064072,"Block Group 2, Census Tract 64.07, Mecklenburg County, North Carolina",735,38,697
15000US371199801001,"Block Group 1, Census Tract 9801, Mecklenburg County, North Carolina",0,0,0
15000US371199802001,"Block Group 1, Census Tract 9802, Mecklenburg County, North Carolina",0,0,0
15000US371199803001,"Block Group 1, Census Tract 9803, Mecklenburg County, North Carolina",13,0,13
15000US371219501001,"Block Group 1, Census Tract 9501, Mitchell County, North Carolina",480,46,434
15000US371219501002,"Block Group 2, Census Tract 9501, Mitchell County, North Carolina",353,74,279
15000US371219501003,"Block Group 3, Census Tract 9501, Mitchell County, North Carolina",128,14,114
15000US371219502001,"Block Group 1, Census Tract 9502, Mitchell County, North Carolina",385,57,328
15000US371219502002,"Block Group 2, Census Tract 9502, Mitchell County, North Carolina",406,40,366
15000US371219502003,"Block Group 3, Census Tract 9502, Mitchell County, North Carolina",514,73,441
15000US371219502004,"Block Group 4, Census Tract 9502, Mitchell County, North Carolina",334,68,266
15000US371219503001,"Block Group 1, Census Tract 9503, Mitchell County, North Carolina",392,7,385
15000US371219503002,"Block Group 2, Census Tract 9503, Mitchell County, North Carolina",540,87,453
15000US371219503003,"Block Group 3, Census Tract 9503, Mitchell County, North Carolina",536,184,352
15000US371219503004,"Block Group 4, Census Tract 9503, Mitchell County, North Carolina",282,54,228
15000US371219504001,"Block Group 1, Census Tract 9504, Mitchell County, North Carolina",556,35,521
15000US371219504002,"Block Group 2, Census Tract 9504, Mitchell County, North Carolina",777,63,714
15000US371219504003,"Block Group 3, Census Tract 9504, Mitchell County, North Carolina",661,37,624
15000US371239601001,"Block Group 1, Census Tract 9601, Montgomery County, North Carolina",560,62,498
15000US371239601002,"Block Group 2, Census Tract 9601, Montgomery County, North Carolina",513,168,345
15000US371239601003,"Block Group 3, Census Tract 9601, Montgomery County, North Carolina",512,90,422
15000US371239601004,"Block Group 4, Census Tract 9601, Montgomery County, North Carolina",281,47,234
15000US371239601005,"Block Group 5, Census Tract 9601, Montgomery County, North Carolina",294,44,250
15000US371239602001,"Block Group 1, Census Tract 9602, Montgomery County, North Carolina",320,21,299
15000US371239602002,"Block Group 2, Census Tract 9602, Montgomery County, North Carolina",341,39,302
15000US371239602003,"Block Group 3, Census Tract 9602, Montgomery County, North Carolina",0,0,0
15000US371239602004,"Block Group 4, Census Tract 9602, Montgomery County, North Carolina",768,217,551
15000US371239602005,"Block Group 5, Census Tract 9602, Montgomery County, North Carolina",386,122,264
15000US371239602006,"Block Group 6, Census Tract 9602, Montgomery County, North Carolina",741,70,671
15000US371239603001,"Block Group 1, Census Tract 9603, Montgomery County, North Carolina",592,30,562
15000US371239603002,"Block Group 2, Census Tract 9603, Montgomery County, North Carolina",566,80,486
15000US371239603003,"Block Group 3, Census Tract 9603, Montgomery County, North Carolina",598,85,513
15000US371239604011,"Block Group 1, Census Tract 9604.01, Montgomery County, North Carolina",425,103,322
15000US371239604012,"Block Group 2, Census Tract 9604.01, Montgomery County, North Carolina",438,98,340
15000US371239604021,"Block Group 1, Census Tract 9604.02, Montgomery County, North Carolina",647,8,639
15000US371239604022,"Block Group 2, Census Tract 9604.02, Montgomery County, North Carolina",496,147,349
15000US371239605001,"Block Group 1, Census Tract 9605, Montgomery County, North Carolina",192,14,178
15000US371239605002,"Block Group 2, Census Tract 9605, Montgomery County, North Carolina",666,60,606
15000US371239605003,"Block Group 3, Census Tract 9605, Montgomery County, North Carolina",388,146,242
15000US371239605004,"Block Group 4, Census Tract 9605, Montgomery County, North Carolina",471,187,284
15000US371259501001,"Block Group 1, Census Tract 9501, Moore County, North Carolina",425,35,390
15000US371259501002,"Block Group 2, Census Tract 9501, Moore County, North Carolina",244,87,157
15000US371259501003,"Block Group 3, Census Tract 9501, Moore County, North Carolina",554,139,415
15000US371259502001,"Block Group 1, Census Tract 9502, Moore County, North Carolina",786,90,696
15000US371259502002,"Block Group 2, Census Tract 9502, Moore County, North Carolina",554,21,533
15000US371259502003,"Block Group 3, Census Tract 9502, Moore County, North Carolina",867,234,633
15000US371259502004,"Block Group 4, Census Tract 9502, Moore County, North Carolina",317,69,248
15000US371259502005,"Block Group 5, Census Tract 9502, Moore County, North Carolina",506,126,380
15000US371259503011,"Block Group 1, Census Tract 9503.01, Moore County, North Carolina",492,15,477
15000US371259503012,"Block Group 2, Census Tract 9503.01, Moore County, North Carolina",134,33,101
15000US371259503013,"Block Group 3, Census Tract 9503.01, Moore County, North Carolina",657,87,570
15000US371259503014,"Block Group 4, Census Tract 9503.01, Moore County, North Carolina",1356,52,1304
15000US371259503021,"Block Group 1, Census Tract 9503.02, Moore County, North Carolina",480,123,357
15000US371259503022,"Block Group 2, Census Tract 9503.02, Moore County, North Carolina",705,13,692
15000US371259503023,"Block Group 3, Census Tract 9503.02, Moore County, North Carolina",876,33,843
15000US371259504011,"Block Group 1, Census Tract 9504.01, Moore County, North Carolina",276,32,244
15000US371259504012,"Block Group 2, Census Tract 9504.01, Moore County, North Carolina",567,64,503
15000US371259504013,"Block Group 3, Census Tract 9504.01, Moore County, North Carolina",777,56,721
15000US371259504021,"Block Group 1, Census Tract 9504.02, Moore County, North Carolina",489,61,428
15000US371259504022,"Block Group 2, Census Tract 9504.02, Moore County, North Carolina",496,66,430
15000US371259504023,"Block Group 3, Census Tract 9504.02, Moore County, North Carolina",877,174,703
15000US371259505011,"Block Group 1, Census Tract 9505.01, Moore County, North Carolina",676,35,641
15000US371259505012,"Block Group 2, Census Tract 9505.01, Moore County, North Carolina",491,75,416
15000US371259505013,"Block Group 3, Census Tract 9505.01, Moore County, North Carolina",1256,39,1217
15000US371259505014,"Block Group 4, Census Tract 9505.01, Moore County, North Carolina",302,10,292
15000US371259505021,"Block Group 1, Census Tract 9505.02, Moore County, North Carolina",488,138,350
15000US371259505022,"Block Group 2, Census Tract 9505.02, Moore County, North Carolina",1064,113,951
15000US371259505023,"Block Group 3, Census Tract 9505.02, Moore County, North Carolina",882,25,857
15000US371259505024,"Block Group 4, Census Tract 9505.02, Moore County, North Carolina",927,58,869
15000US371259506011,"Block Group 1, Census Tract 9506.01, Moore County, North Carolina",1226,40,1186
15000US371259506012,"Block Group 2, Census Tract 9506.01, Moore County, North Carolina",439,9,430
15000US371259506021,"Block Group 1, Census Tract 9506.02, Moore County, North Carolina",618,115,503
15000US371259506022,"Block Group 2, Census Tract 9506.02, Moore County, North Carolina",1468,84,1384
15000US371259506023,"Block Group 3, Census Tract 9506.02, Moore County, North Carolina",927,60,867
15000US371259507011,"Block Group 1, Census Tract 9507.01, Moore County, North Carolina",1180,178,1002
15000US371259507012,"Block Group 2, Census Tract 9507.01, Moore County, North Carolina",591,19,572
15000US371259507013,"Block Group 3, Census Tract 9507.01, Moore County, North Carolina",670,25,645
15000US371259507021,"Block Group 1, Census Tract 9507.02, Moore County, North Carolina",1234,55,1179
15000US371259508011,"Block Group 1, Census Tract 9508.01, Moore County, North Carolina",454,262,192
15000US371259508012,"Block Group 2, Census Tract 9508.01, Moore County, North Carolina",423,182,241
15000US371259508013,"Block Group 3, Census Tract 9508.01, Moore County, North Carolina",1233,145,1088
15000US371259508021,"Block Group 1, Census Tract 9508.02, Moore County, North Carolina",781,37,744
15000US371259508022,"Block Group 2, Census Tract 9508.02, Moore County, North Carolina",1118,86,1032
15000US371259509001,"Block Group 1, Census Tract 9509, Moore County, North Carolina",298,31,267
15000US371259509002,"Block Group 2, Census Tract 9509, Moore County, North Carolina",566,25,541
15000US371259509003,"Block Group 3, Census Tract 9509, Moore County, North Carolina",512,83,429
15000US371259510001,"Block Group 1, Census Tract 9510, Moore County, North Carolina",739,132,607
15000US371259510002,"Block Group 2, Census Tract 9510, Moore County, North Carolina",719,26,693
15000US371259510003,"Block Group 3, Census Tract 9510, Moore County, North Carolina",736,24,712
15000US371259511001,"Block Group 1, Census Tract 9511, Moore County, North Carolina",744,31,713
15000US371259511002,"Block Group 2, Census Tract 9511, Moore County, North Carolina",728,96,632
15000US371259511003,"Block Group 3, Census Tract 9511, Moore County, North Carolina",794,38,756
15000US371259511004,"Block Group 4, Census Tract 9511, Moore County, North Carolina",755,64,691
15000US371259511005,"Block Group 5, Census Tract 9511, Moore County, North Carolina",467,34,433
15000US371259512001,"Block Group 1, Census Tract 9512, Moore County, North Carolina",800,42,758
15000US371259512002,"Block Group 2, Census Tract 9512, Moore County, North Carolina",591,86,505
15000US371259512003,"Block Group 3, Census Tract 9512, Moore County, North Carolina",489,130,359
15000US371270102001,"Block Group 1, Census Tract 102, Nash County, North Carolina",287,46,241
15000US371270102002,"Block Group 2, Census Tract 102, Nash County, North Carolina",339,136,203
15000US371270102003,"Block Group 3, Census Tract 102, Nash County, North Carolina",483,183,300
15000US371270102004,"Block Group 4, Census Tract 102, Nash County, North Carolina",255,74,181
15000US371270102005,"Block Group 5, Census Tract 102, Nash County, North Carolina",411,23,388
15000US371270103001,"Block Group 1, Census Tract 103, Nash County, North Carolina",205,20,185
15000US371270103002,"Block Group 2, Census Tract 103, Nash County, North Carolina",306,0,306
15000US371270103003,"Block Group 3, Census Tract 103, Nash County, North Carolina",481,244,237
15000US371270103004,"Block Group 4, Census Tract 103, Nash County, North Carolina",299,85,214
15000US371270103005,"Block Group 5, Census Tract 103, Nash County, North Carolina",180,39,141
15000US371270103006,"Block Group 6, Census Tract 103, Nash County, North Carolina",1158,173,985
15000US371270104001,"Block Group 1, Census Tract 104, Nash County, North Carolina",223,18,205
15000US371270104002,"Block Group 2, Census Tract 104, Nash County, North Carolina",637,259,378
15000US371270104003,"Block Group 3, Census Tract 104, Nash County, North Carolina",343,26,317
15000US371270105021,"Block Group 1, Census Tract 105.02, Nash County, North Carolina",1427,320,1107
15000US371270105022,"Block Group 2, Census Tract 105.02, Nash County, North Carolina",354,40,314
15000US371270105023,"Block Group 3, Census Tract 105.02, Nash County, North Carolina",284,0,284
15000US371270105024,"Block Group 4, Census Tract 105.02, Nash County, North Carolina",722,79,643
15000US371270105025,"Block Group 5, Census Tract 105.02, Nash County, North Carolina",557,8,549
15000US371270105031,"Block Group 1, Census Tract 105.03, Nash County, North Carolina",332,73,259
15000US371270105032,"Block Group 2, Census Tract 105.03, Nash County, North Carolina",676,45,631
15000US371270105041,"Block Group 1, Census Tract 105.04, Nash County, North Carolina",437,27,410
15000US371270105042,"Block Group 2, Census Tract 105.04, Nash County, North Carolina",635,35,600
15000US371270105043,"Block Group 3, Census Tract 105.04, Nash County, North Carolina",538,142,396
15000US371270105044,"Block Group 4, Census Tract 105.04, Nash County, North Carolina",507,0,507
15000US371270106011,"Block Group 1, Census Tract 106.01, Nash County, North Carolina",1005,150,855
15000US371270106021,"Block Group 1, Census Tract 106.02, Nash County, North Carolina",999,219,780
15000US371270106022,"Block Group 2, Census Tract 106.02, Nash County, North Carolina",569,92,477
15000US371270106023,"Block Group 3, Census Tract 106.02, Nash County, North Carolina",530,46,484
15000US371270106024,"Block Group 4, Census Tract 106.02, Nash County, North Carolina",265,16,249
15000US371270107001,"Block Group 1, Census Tract 107, Nash County, North Carolina",351,49,302
15000US371270107002,"Block Group 2, Census Tract 107, Nash County, North Carolina",298,64,234
15000US371270107003,"Block Group 3, Census Tract 107, Nash County, North Carolina",471,87,384
15000US371270108001,"Block Group 1, Census Tract 108, Nash County, North Carolina",499,133,366
15000US371270108002,"Block Group 2, Census Tract 108, Nash County, North Carolina",991,3,988
15000US371270108003,"Block Group 3, Census Tract 108, Nash County, North Carolina",823,58,765
15000US371270108004,"Block Group 4, Census Tract 108, Nash County, North Carolina",557,97,460
15000US371270109001,"Block Group 1, Census Tract 109, Nash County, North Carolina",441,37,404
15000US371270109002,"Block Group 2, Census Tract 109, Nash County, North Carolina",347,64,283
15000US371270109003,"Block Group 3, Census Tract 109, Nash County, North Carolina",710,19,691
15000US371270109004,"Block Group 4, Census Tract 109, Nash County, North Carolina",640,165,475
15000US371270110001,"Block Group 1, Census Tract 110, Nash County, North Carolina",731,67,664
15000US371270110002,"Block Group 2, Census Tract 110, Nash County, North Carolina",338,35,303
15000US371270110003,"Block Group 3, Census Tract 110, Nash County, North Carolina",818,185,633
15000US371270111011,"Block Group 1, Census Tract 111.01, Nash County, North Carolina",1304,113,1191
15000US371270111012,"Block Group 2, Census Tract 111.01, Nash County, North Carolina",1090,202,888
15000US371270111021,"Block Group 1, Census Tract 111.02, Nash County, North Carolina",348,38,310
15000US371270111022,"Block Group 2, Census Tract 111.02, Nash County, North Carolina",262,67,195
15000US371270111023,"Block Group 3, Census Tract 111.02, Nash County, North Carolina",374,12,362
15000US371270111024,"Block Group 4, Census Tract 111.02, Nash County, North Carolina",1174,221,953
15000US371270111025,"Block Group 5, Census Tract 111.02, Nash County, North Carolina",523,29,494
15000US371270112001,"Block Group 1, Census Tract 112, Nash County, North Carolina",410,17,393
15000US371270112002,"Block Group 2, Census Tract 112, Nash County, North Carolina",799,202,597
15000US371270112003,"Block Group 3, Census Tract 112, Nash County, North Carolina",524,58,466
15000US371270112004,"Block Group 4, Census Tract 112, Nash County, North Carolina",903,71,832
15000US371270113001,"Block Group 1, Census Tract 113, Nash County, North Carolina",802,57,745
15000US371270113002,"Block Group 2, Census Tract 113, Nash County, North Carolina",495,64,431
15000US371270113003,"Block Group 3, Census Tract 113, Nash County, North Carolina",550,110,440
15000US371270114001,"Block Group 1, Census Tract 114, Nash County, North Carolina",990,85,905
15000US371270114002,"Block Group 2, Census Tract 114, Nash County, North Carolina",542,124,418
15000US371270115001,"Block Group 1, Census Tract 115, Nash County, North Carolina",505,123,382
15000US371270115002,"Block Group 2, Census Tract 115, Nash County, North Carolina",542,129,413
15000US371270115003,"Block Group 3, Census Tract 115, Nash County, North Carolina",440,158,282
15000US371270115004,"Block Group 4, Census Tract 115, Nash County, North Carolina",561,152,409
15000US371270115005,"Block Group 5, Census Tract 115, Nash County, North Carolina",414,50,364
15000US371290101001,"Block Group 1, Census Tract 101, New Hanover County, North Carolina",320,136,184
15000US371290101002,"Block Group 2, Census Tract 101, New Hanover County, North Carolina",305,24,281
15000US371290101003,"Block Group 3, Census Tract 101, New Hanover County, North Carolina",378,209,169
15000US371290102001,"Block Group 1, Census Tract 102, New Hanover County, North Carolina",652,117,535
15000US371290102002,"Block Group 2, Census Tract 102, New Hanover County, North Carolina",563,79,484
15000US371290102003,"Block Group 3, Census Tract 102, New Hanover County, North Carolina",250,118,132
15000US371290103001,"Block Group 1, Census Tract 103, New Hanover County, North Carolina",1098,320,778
15000US371290103002,"Block Group 2, Census Tract 103, New Hanover County, North Carolina",385,61,324
15000US371290103003,"Block Group 3, Census Tract 103, New Hanover County, North Carolina",402,111,291
15000US371290103004,"Block Group 4, Census Tract 103, New Hanover County, North Carolina",501,194,307
15000US371290104001,"Block Group 1, Census Tract 104, New Hanover County, North Carolina",639,142,497
15000US371290104002,"Block Group 2, Census Tract 104, New Hanover County, North Carolina",247,4,243
15000US371290104003,"Block Group 3, Census Tract 104, New Hanover County, North Carolina",488,69,419
15000US371290105011,"Block Group 1, Census Tract 105.01, New Hanover County, North Carolina",392,158,234
15000US371290105012,"Block Group 2, Census Tract 105.01, New Hanover County, North Carolina",1053,242,811
15000US371290105013,"Block Group 3, Census Tract 105.01, New Hanover County, North Carolina",727,390,337
15000US371290105021,"Block Group 1, Census Tract 105.02, New Hanover County, North Carolina",2242,806,1436
15000US371290105022,"Block Group 2, Census Tract 105.02, New Hanover County, North Carolina",854,195,659
15000US371290105023,"Block Group 3, Census Tract 105.02, New Hanover County, North Carolina",654,162,492
15000US371290105024,"Block Group 4, Census Tract 105.02, New Hanover County, North Carolina",517,61,456
15000US371290106001,"Block Group 1, Census Tract 106, New Hanover County, North Carolina",644,48,596
15000US371290106002,"Block Group 2, Census Tract 106, New Hanover County, North Carolina",442,46,396
15000US371290106003,"Block Group 3, Census Tract 106, New Hanover County, North Carolina",1212,142,1070
15000US371290107001,"Block Group 1, Census Tract 107, New Hanover County, North Carolina",1085,293,792
15000US371290107002,"Block Group 2, Census Tract 107, New Hanover County, North Carolina",824,234,590
15000US371290108001,"Block Group 1, Census Tract 108, New Hanover County, North Carolina",949,323,626
15000US371290109001,"Block Group 1, Census Tract 109, New Hanover County, North Carolina",465,20,445
15000US371290109002,"Block Group 2, Census Tract 109, New Hanover County, North Carolina",610,83,527
15000US371290110001,"Block Group 1, Census Tract 110, New Hanover County, North Carolina",318,269,49
15000US371290110002,"Block Group 2, Census Tract 110, New Hanover County, North Carolina",760,173,587
15000US371290111001,"Block Group 1, Census Tract 111, New Hanover County, North Carolina",363,76,287
15000US371290111002,"Block Group 2, Census Tract 111, New Hanover County, North Carolina",788,409,379
15000US371290112001,"Block Group 1, Census Tract 112, New Hanover County, North Carolina",266,73,193
15000US371290112002,"Block Group 2, Census Tract 112, New Hanover County, North Carolina",438,114,324
15000US371290112003,"Block Group 3, Census Tract 112, New Hanover County, North Carolina",342,128,214
15000US371290113001,"Block Group 1, Census Tract 113, New Hanover County, North Carolina",589,131,458
15000US371290113002,"Block Group 2, Census Tract 113, New Hanover County, North Carolina",593,241,352
15000US371290114001,"Block Group 1, Census Tract 114, New Hanover County, North Carolina",298,133,165
15000US371290114002,"Block Group 2, Census Tract 114, New Hanover County, North Carolina",515,109,406
15000US371290115001,"Block Group 1, Census Tract 115, New Hanover County, North Carolina",952,167,785
15000US371290115002,"Block Group 2, Census Tract 115, New Hanover County, North Carolina",776,188,588
15000US371290115003,"Block Group 3, Census Tract 115, New Hanover County, North Carolina",544,25,519
15000US371290115004,"Block Group 4, Census Tract 115, New Hanover County, North Carolina",839,208,631
15000US371290116031,"Block Group 1, Census Tract 116.03, New Hanover County, North Carolina",499,68,431
15000US371290116032,"Block Group 2, Census Tract 116.03, New Hanover County, North Carolina",672,100,572
15000US371290116033,"Block Group 3, Census Tract 116.03, New Hanover County, North Carolina",942,0,942
15000US371290116034,"Block Group 4, Census Tract 116.03, New Hanover County, North Carolina",633,142,491
15000US371290116035,"Block Group 5, Census Tract 116.03, New Hanover County, North Carolina",432,24,408
15000US371290116051,"Block Group 1, Census Tract 116.05, New Hanover County, North Carolina",950,16,934
15000US371290116052,"Block Group 2, Census Tract 116.05, New Hanover County, North Carolina",1431,439,992
15000US371290116061,"Block Group 1, Census Tract 116.06, New Hanover County, North Carolina",836,57,779
15000US371290116062,"Block Group 2, Census Tract 116.06, New Hanover County, North Carolina",1026,65,961
15000US371290116071,"Block Group 1, Census Tract 116.07, New Hanover County, North Carolina",806,145,661
15000US371290116072,"Block Group 2, Census Tract 116.07, New Hanover County, North Carolina",1890,285,1605
15000US371290116073,"Block Group 3, Census Tract 116.07, New Hanover County, North Carolina",2672,198,2474
15000US371290116081,"Block Group 1, Census Tract 116.08, New Hanover County, North Carolina",1302,32,1270
15000US371290116082,"Block Group 2, Census Tract 116.08, New Hanover County, North Carolina",510,68,442
15000US371290116083,"Block Group 3, Census Tract 116.08, New Hanover County, North Carolina",516,78,438
15000US371290117011,"Block Group 1, Census Tract 117.01, New Hanover County, North Carolina",760,95,665
15000US371290117012,"Block Group 2, Census Tract 117.01, New Hanover County, North Carolina",1560,61,1499
15000US371290117031,"Block Group 1, Census Tract 117.03, New Hanover County, North Carolina",1032,69,963
15000US371290117032,"Block Group 2, Census Tract 117.03, New Hanover County, North Carolina",1083,43,1040
15000US371290117051,"Block Group 1, Census Tract 117.05, New Hanover County, North Carolina",961,25,936
15000US371290117052,"Block Group 2, Census Tract 117.05, New Hanover County, North Carolina",537,83,454
15000US371290117053,"Block Group 3, Census Tract 117.05, New Hanover County, North Carolina",987,82,905
15000US371290117054,"Block Group 4, Census Tract 117.05, New Hanover County, North Carolina",1149,58,1091
15000US371290118001,"Block Group 1, Census Tract 118, New Hanover County, North Carolina",477,29,448
15000US371290118002,"Block Group 2, Census Tract 118, New Hanover County, North Carolina",496,28,468
15000US371290118003,"Block Group 3, Census Tract 118, New Hanover County, North Carolina",203,0,203
15000US371290119021,"Block Group 1, Census Tract 119.02, New Hanover County, North Carolina",1107,525,582
15000US371290119022,"Block Group 2, Census Tract 119.02, New Hanover County, North Carolina",306,81,225
15000US371290119023,"Block Group 3, Census Tract 119.02, New Hanover County, North Carolina",844,120,724
15000US371290119024,"Block Group 4, Census Tract 119.02, New Hanover County, North Carolina",407,152,255
15000US371290119031,"Block Group 1, Census Tract 119.03, New Hanover County, North Carolina",319,103,216
15000US371290119032,"Block Group 2, Census Tract 119.03, New Hanover County, North Carolina",1124,412,712
15000US371290119033,"Block Group 3, Census Tract 119.03, New Hanover County, North Carolina",328,131,197
15000US371290119034,"Block Group 4, Census Tract 119.03, New Hanover County, North Carolina",318,147,171
15000US371290119035,"Block Group 5, Census Tract 119.03, New Hanover County, North Carolina",480,57,423
15000US371290119041,"Block Group 1, Census Tract 119.04, New Hanover County, North Carolina",643,74,569
15000US371290119042,"Block Group 2, Census Tract 119.04, New Hanover County, North Carolina",740,32,708
15000US371290120011,"Block Group 1, Census Tract 120.01, New Hanover County, North Carolina",627,130,497
15000US371290120012,"Block Group 2, Census Tract 120.01, New Hanover County, North Carolina",1236,217,1019
15000US371290120013,"Block Group 3, Census Tract 120.01, New Hanover County, North Carolina",539,32,507
15000US371290120014,"Block Group 4, Census Tract 120.01, New Hanover County, North Carolina",431,12,419
15000US371290120041,"Block Group 1, Census Tract 120.04, New Hanover County, North Carolina",1122,84,1038
15000US371290120042,"Block Group 2, Census Tract 120.04, New Hanover County, North Carolina",342,10,332
15000US371290120061,"Block Group 1, Census Tract 120.06, New Hanover County, North Carolina",1012,89,923
15000US371290120062,"Block Group 2, Census Tract 120.06, New Hanover County, North Carolina",841,37,804
15000US371290120071,"Block Group 1, Census Tract 120.07, New Hanover County, North Carolina",1361,223,1138
15000US371290120072,"Block Group 2, Census Tract 120.07, New Hanover County, North Carolina",1281,204,1077
15000US371290120081,"Block Group 1, Census Tract 120.08, New Hanover County, North Carolina",1336,126,1210
15000US371290120082,"Block Group 2, Census Tract 120.08, New Hanover County, North Carolina",1680,100,1580
15000US371290120091,"Block Group 1, Census Tract 120.09, New Hanover County, North Carolina",1026,41,985
15000US371290120092,"Block Group 2, Census Tract 120.09, New Hanover County, North Carolina",805,35,770
15000US371290120093,"Block Group 3, Census Tract 120.09, New Hanover County, North Carolina",928,17,911
15000US371290120101,"Block Group 1, Census Tract 120.10, New Hanover County, North Carolina",378,6,372
15000US371290120102,"Block Group 2, Census Tract 120.10, New Hanover County, North Carolina",1201,46,1155
15000US371290120103,"Block Group 3, Census Tract 120.10, New Hanover County, North Carolina",528,87,441
15000US371290121011,"Block Group 1, Census Tract 121.01, New Hanover County, North Carolina",1379,92,1287
15000US371290121012,"Block Group 2, Census Tract 121.01, New Hanover County, North Carolina",1377,254,1123
15000US371290121013,"Block Group 3, Census Tract 121.01, New Hanover County, North Carolina",1208,321,887
15000US371290121031,"Block Group 1, Census Tract 121.03, New Hanover County, North Carolina",1561,98,1463
15000US371290121032,"Block Group 2, Census Tract 121.03, New Hanover County, North Carolina",298,36,262
15000US371290121041,"Block Group 1, Census Tract 121.04, New Hanover County, North Carolina",977,79,898
15000US371290121042,"Block Group 2, Census Tract 121.04, New Hanover County, North Carolina",1593,295,1298
15000US371290121051,"Block Group 1, Census Tract 121.05, New Hanover County, North Carolina",2274,334,1940
15000US371290121052,"Block Group 2, Census Tract 121.05, New Hanover County, North Carolina",929,70,859
15000US371290121053,"Block Group 3, Census Tract 121.05, New Hanover County, North Carolina",1826,99,1727
15000US371290122011,"Block Group 1, Census Tract 122.01, New Hanover County, North Carolina",351,9,342
15000US371290122012,"Block Group 2, Census Tract 122.01, New Hanover County, North Carolina",528,141,387
15000US371290122013,"Block Group 3, Census Tract 122.01, New Hanover County, North Carolina",570,44,526
15000US371290122021,"Block Group 1, Census Tract 122.02, New Hanover County, North Carolina",643,19,624
15000US371290122022,"Block Group 2, Census Tract 122.02, New Hanover County, North Carolina",135,0,135
15000US371290122023,"Block Group 3, Census Tract 122.02, New Hanover County, North Carolina",649,84,565
15000US371290122031,"Block Group 1, Census Tract 122.03, New Hanover County, North Carolina",746,32,714
15000US371290122032,"Block Group 2, Census Tract 122.03, New Hanover County, North Carolina",205,18,187
15000US371290123001,"Block Group 1, Census Tract 123, New Hanover County, North Carolina",1226,0,1226
15000US371290123002,"Block Group 2, Census Tract 123, New Hanover County, North Carolina",2232,194,2038
15000US371299801001,"Block Group 1, Census Tract 9801, New Hanover County, North Carolina",0,0,0
15000US371299901000,"Block Group 0, Census Tract 9901, New Hanover County, North Carolina",0,0,0
15000US371319201001,"Block Group 1, Census Tract 9201, Northampton County, North Carolina",339,40,299
15000US371319201002,"Block Group 2, Census Tract 9201, Northampton County, North Carolina",384,74,310
15000US371319201003,"Block Group 3, Census Tract 9201, Northampton County, North Carolina",358,115,243
15000US371319201004,"Block Group 4, Census Tract 9201, Northampton County, North Carolina",257,39,218
15000US371319201005,"Block Group 5, Census Tract 9201, Northampton County, North Carolina",288,91,197
15000US371319201006,"Block Group 6, Census Tract 9201, Northampton County, North Carolina",326,2,324
15000US371319202001,"Block Group 1, Census Tract 9202, Northampton County, North Carolina",315,84,231
15000US371319202002,"Block Group 2, Census Tract 9202, Northampton County, North Carolina",434,65,369
15000US371319202003,"Block Group 3, Census Tract 9202, Northampton County, North Carolina",432,106,326
15000US371319202004,"Block Group 4, Census Tract 9202, Northampton County, North Carolina",300,78,222
15000US371319202005,"Block Group 5, Census Tract 9202, Northampton County, North Carolina",184,25,159
15000US371319203001,"Block Group 1, Census Tract 9203, Northampton County, North Carolina",595,202,393
15000US371319203002,"Block Group 2, Census Tract 9203, Northampton County, North Carolina",479,112,367
15000US371319203003,"Block Group 3, Census Tract 9203, Northampton County, North Carolina",472,73,399
15000US371319203004,"Block Group 4, Census Tract 9203, Northampton County, North Carolina",343,29,314
15000US371319203005,"Block Group 5, Census Tract 9203, Northampton County, North Carolina",309,24,285
15000US371319203006,"Block Group 6, Census Tract 9203, Northampton County, North Carolina",246,81,165
15000US371319204011,"Block Group 1, Census Tract 9204.01, Northampton County, North Carolina",671,116,555
15000US371319204012,"Block Group 2, Census Tract 9204.01, Northampton County, North Carolina",524,145,379
15000US371319204013,"Block Group 3, Census Tract 9204.01, Northampton County, North Carolina",624,138,486
15000US371319204021,"Block Group 1, Census Tract 9204.02, Northampton County, North Carolina",284,71,213
15000US371319204022,"Block Group 2, Census Tract 9204.02, Northampton County, North Carolina",383,85,298
15000US371330001021,"Block Group 1, Census Tract 1.02, Onslow County, North Carolina",1035,69,966
15000US371330001022,"Block Group 2, Census Tract 1.02, Onslow County, North Carolina",947,83,864
15000US371330001023,"Block Group 3, Census Tract 1.02, Onslow County, North Carolina",691,92,599
15000US371330001024,"Block Group 4, Census Tract 1.02, Onslow County, North Carolina",980,128,852
15000US371330001031,"Block Group 1, Census Tract 1.03, Onslow County, North Carolina",710,56,654
15000US371330001032,"Block Group 2, Census Tract 1.03, Onslow County, North Carolina",1272,146,1126
15000US371330002011,"Block Group 1, Census Tract 2.01, Onslow County, North Carolina",661,23,638
15000US371330002012,"Block Group 2, Census Tract 2.01, Onslow County, North Carolina",1601,288,1313
15000US371330002013,"Block Group 3, Census Tract 2.01, Onslow County, North Carolina",650,157,493
15000US371330002014,"Block Group 4, Census Tract 2.01, Onslow County, North Carolina",1158,74,1084
15000US371330002021,"Block Group 1, Census Tract 2.02, Onslow County, North Carolina",468,57,411
15000US371330002022,"Block Group 2, Census Tract 2.02, Onslow County, North Carolina",1379,80,1299
15000US371330002023,"Block Group 3, Census Tract 2.02, Onslow County, North Carolina",526,16,510
15000US371330002024,"Block Group 4, Census Tract 2.02, Onslow County, North Carolina",1522,183,1339
15000US371330003011,"Block Group 1, Census Tract 3.01, Onslow County, North Carolina",772,129,643
15000US371330003012,"Block Group 2, Census Tract 3.01, Onslow County, North Carolina",822,96,726
15000US371330003013,"Block Group 3, Census Tract 3.01, Onslow County, North Carolina",602,75,527
15000US371330003021,"Block Group 1, Census Tract 3.02, Onslow County, North Carolina",1045,144,901
15000US371330003022,"Block Group 2, Census Tract 3.02, Onslow County, North Carolina",438,46,392
15000US371330003023,"Block Group 3, Census Tract 3.02, Onslow County, North Carolina",1342,283,1059
15000US371330003024,"Block Group 4, Census Tract 3.02, Onslow County, North Carolina",678,31,647
15000US371330004011,"Block Group 1, Census Tract 4.01, Onslow County, North Carolina",915,70,845
15000US371330004012,"Block Group 2, Census Tract 4.01, Onslow County, North Carolina",1755,86,1669
15000US371330004021,"Block Group 1, Census Tract 4.02, Onslow County, North Carolina",1965,244,1721
15000US371330004022,"Block Group 2, Census Tract 4.02, Onslow County, North Carolina",535,58,477
15000US371330004023,"Block Group 3, Census Tract 4.02, Onslow County, North Carolina",642,45,597
15000US371330004031,"Block Group 1, Census Tract 4.03, Onslow County, North Carolina",654,84,570
15000US371330005001,"Block Group 1, Census Tract 5, Onslow County, North Carolina",3,3,0
15000US371330006001,"Block Group 1, Census Tract 6, Onslow County, North Carolina",14,0,14
15000US371330006002,"Block Group 2, Census Tract 6, Onslow County, North Carolina",21,21,0
15000US371330006003,"Block Group 3, Census Tract 6, Onslow County, North Carolina",0,0,0
15000US371330006004,"Block Group 4, Census Tract 6, Onslow County, North Carolina",0,0,0
15000US371330007001,"Block Group 1, Census Tract 7, Onslow County, North Carolina",899,68,831
15000US371330007002,"Block Group 2, Census Tract 7, Onslow County, North Carolina",323,98,225
15000US371330007003,"Block Group 3, Census Tract 7, Onslow County, North Carolina",697,54,643
15000US371330008001,"Block Group 1, Census Tract 8, Onslow County, North Carolina",566,124,442
15000US371330009001,"Block Group 1, Census Tract 9, Onslow County, North Carolina",28,0,28
15000US371330009002,"Block Group 2, Census Tract 9, Onslow County, North Carolina",132,0,132
15000US371330009003,"Block Group 3, Census Tract 9, Onslow County, North Carolina",555,62,493
15000US371330009004,"Block Group 4, Census Tract 9, Onslow County, North Carolina",689,17,672
15000US371330009005,"Block Group 5, Census Tract 9, Onslow County, North Carolina",548,65,483
15000US371330010001,"Block Group 1, Census Tract 10, Onslow County, North Carolina",204,18,186
15000US371330011011,"Block Group 1, Census Tract 11.01, Onslow County, North Carolina",406,75,331
15000US371330011012,"Block Group 2, Census Tract 11.01, Onslow County, North Carolina",539,95,444
15000US371330011013,"Block Group 3, Census Tract 11.01, Onslow County, North Carolina",800,123,677
15000US371330011021,"Block Group 1, Census Tract 11.02, Onslow County, North Carolina",216,42,174
15000US371330011022,"Block Group 2, Census Tract 11.02, Onslow County, North Carolina",235,73,162
15000US371330011023,"Block Group 3, Census Tract 11.02, Onslow County, North Carolina",482,68,414
15000US371330011024,"Block Group 4, Census Tract 11.02, Onslow County, North Carolina",695,31,664
15000US371330012001,"Block Group 1, Census Tract 12, Onslow County, North Carolina",946,45,901
15000US371330012002,"Block Group 2, Census Tract 12, Onslow County, North Carolina",573,154,419
15000US371330012003,"Block Group 3, Census Tract 12, Onslow County, North Carolina",1002,38,964
15000US371330012004,"Block Group 4, Census Tract 12, Onslow County, North Carolina",799,215,584
15000US371330012005,"Block Group 5, Census Tract 12, Onslow County, North Carolina",634,54,580
15000US371330013001,"Block Group 1, Census Tract 13, Onslow County, North Carolina",836,79,757
15000US371330013002,"Block Group 2, Census Tract 13, Onslow County, North Carolina",2890,186,2704
15000US371330013003,"Block Group 3, Census Tract 13, Onslow County, North Carolina",2442,311,2131
15000US371330013004,"Block Group 4, Census Tract 13, Onslow County, North Carolina",786,42,744
15000US371330014001,"Block Group 1, Census Tract 14, Onslow County, North Carolina",575,0,575
15000US371330014002,"Block Group 2, Census Tract 14, Onslow County, North Carolina",272,0,272
15000US371330014003,"Block Group 3, Census Tract 14, Onslow County, North Carolina",406,39,367
15000US371330014004,"Block Group 4, Census Tract 14, Onslow County, North Carolina",269,21,248
15000US371330015001,"Block Group 1, Census Tract 15, Onslow County, North Carolina",722,244,478
15000US371330015002,"Block Group 2, Census Tract 15, Onslow County, North Carolina",295,64,231
15000US371330017001,"Block Group 1, Census Tract 17, Onslow County, North Carolina",448,0,448
15000US371330017002,"Block Group 2, Census Tract 17, Onslow County, North Carolina",487,154,333
15000US371330018001,"Block Group 1, Census Tract 18, Onslow County, North Carolina",146,25,121
15000US371330018002,"Block Group 2, Census Tract 18, Onslow County, North Carolina",500,93,407
15000US371330021001,"Block Group 1, Census Tract 21, Onslow County, North Carolina",476,42,434
15000US371330021002,"Block Group 2, Census Tract 21, Onslow County, North Carolina",574,30,544
15000US371330021003,"Block Group 3, Census Tract 21, Onslow County, North Carolina",1150,89,1061
15000US371330022011,"Block Group 1, Census Tract 22.01, Onslow County, North Carolina",910,69,841
15000US371330022012,"Block Group 2, Census Tract 22.01, Onslow County, North Carolina",928,94,834
15000US371330022021,"Block Group 1, Census Tract 22.02, Onslow County, North Carolina",435,154,281
15000US371330022022,"Block Group 2, Census Tract 22.02, Onslow County, North Carolina",505,130,375
15000US371330022023,"Block Group 3, Census Tract 22.02, Onslow County, North Carolina",506,198,308
15000US371330022024,"Block Group 4, Census Tract 22.02, Onslow County, North Carolina",179,12,167
15000US371330023001,"Block Group 1, Census Tract 23, Onslow County, North Carolina",462,54,408
15000US371330023002,"Block Group 2, Census Tract 23, Onslow County, North Carolina",914,113,801
15000US371330024001,"Block Group 1, Census Tract 24, Onslow County, North Carolina",846,116,730
15000US371330024002,"Block Group 2, Census Tract 24, Onslow County, North Carolina",100,36,64
15000US371330024003,"Block Group 3, Census Tract 24, Onslow County, North Carolina",714,262,452
15000US371330024004,"Block Group 4, Census Tract 24, Onslow County, North Carolina",453,78,375
15000US371330024005,"Block Group 5, Census Tract 24, Onslow County, North Carolina",401,37,364
15000US371330025001,"Block Group 1, Census Tract 25, Onslow County, North Carolina",255,81,174
15000US371330025002,"Block Group 2, Census Tract 25, Onslow County, North Carolina",938,239,699
15000US371330026001,"Block Group 1, Census Tract 26, Onslow County, North Carolina",255,84,171
15000US371330026002,"Block Group 2, Census Tract 26, Onslow County, North Carolina",312,48,264
15000US371330026003,"Block Group 3, Census Tract 26, Onslow County, North Carolina",389,67,322
15000US371330026004,"Block Group 4, Census Tract 26, Onslow County, North Carolina",334,116,218
15000US371330028001,"Block Group 1, Census Tract 28, Onslow County, North Carolina",675,55,620
15000US371330028002,"Block Group 2, Census Tract 28, Onslow County, North Carolina",528,61,467
15000US371330028003,"Block Group 3, Census Tract 28, Onslow County, North Carolina",1222,54,1168
15000US371330028004,"Block Group 4, Census Tract 28, Onslow County, North Carolina",358,29,329
15000US371330028005,"Block Group 5, Census Tract 28, Onslow County, North Carolina",722,22,700
15000US371339901000,"Block Group 0, Census Tract 9901, Onslow County, North Carolina",0,0,0
15000US371350107011,"Block Group 1, Census Tract 107.01, Orange County, North Carolina",802,56,746
15000US371350107031,"Block Group 1, Census Tract 107.03, Orange County, North Carolina",1391,383,1008
15000US371350107032,"Block Group 2, Census Tract 107.03, Orange County, North Carolina",496,119,377
15000US371350107033,"Block Group 3, Census Tract 107.03, Orange County, North Carolina",732,262,470
15000US371350107034,"Block Group 4, Census Tract 107.03, Orange County, North Carolina",259,26,233
15000US371350107041,"Block Group 1, Census Tract 107.04, Orange County, North Carolina",961,94,867
15000US371350107042,"Block Group 2, Census Tract 107.04, Orange County, North Carolina",800,103,697
15000US371350107043,"Block Group 3, Census Tract 107.04, Orange County, North Carolina",706,28,678
15000US371350107051,"Block Group 1, Census Tract 107.05, Orange County, North Carolina",998,152,846
15000US371350107052,"Block Group 2, Census Tract 107.05, Orange County, North Carolina",594,193,401
15000US371350107053,"Block Group 3, Census Tract 107.05, Orange County, North Carolina",520,112,408
15000US371350107054,"Block Group 4, Census Tract 107.05, Orange County, North Carolina",120,0,120
15000US371350107061,"Block Group 1, Census Tract 107.06, Orange County, North Carolina",523,36,487
15000US371350107062,"Block Group 2, Census Tract 107.06, Orange County, North Carolina",763,23,740
15000US371350108011,"Block Group 1, Census Tract 108.01, Orange County, North Carolina",410,26,384
15000US371350108012,"Block Group 2, Census Tract 108.01, Orange County, North Carolina",1310,95,1215
15000US371350108013,"Block Group 3, Census Tract 108.01, Orange County, North Carolina",317,24,293
15000US371350108021,"Block Group 1, Census Tract 108.02, Orange County, North Carolina",794,55,739
15000US371350108022,"Block Group 2, Census Tract 108.02, Orange County, North Carolina",1221,56,1165
15000US371350109011,"Block Group 1, Census Tract 109.01, Orange County, North Carolina",1019,72,947
15000US371350109012,"Block Group 2, Census Tract 109.01, Orange County, North Carolina",612,15,597
15000US371350109013,"Block Group 3, Census Tract 109.01, Orange County, North Carolina",626,92,534
15000US371350109021,"Block Group 1, Census Tract 109.02, Orange County, North Carolina",629,74,555
15000US371350109022,"Block Group 2, Census Tract 109.02, Orange County, North Carolina",1542,141,1401
15000US371350110001,"Block Group 1, Census Tract 110, Orange County, North Carolina",1208,56,1152
15000US371350110002,"Block Group 2, Census Tract 110, Orange County, North Carolina",540,27,513
15000US371350110003,"Block Group 3, Census Tract 110, Orange County, North Carolina",464,25,439
15000US371350110004,"Block Group 4, Census Tract 110, Orange County, North Carolina",225,16,209
15000US371350110005,"Block Group 5, Census Tract 110, Orange County, North Carolina",710,46,664
15000US371350111011,"Block Group 1, Census Tract 111.01, Orange County, North Carolina",521,27,494
15000US371350111012,"Block Group 2, Census Tract 111.01, Orange County, North Carolina",444,13,431
15000US371350111013,"Block Group 3, Census Tract 111.01, Orange County, North Carolina",313,14,299
15000US371350111014,"Block Group 4, Census Tract 111.01, Orange County, North Carolina",1200,80,1120
15000US371350111015,"Block Group 5, Census Tract 111.01, Orange County, North Carolina",623,164,459
15000US371350111021,"Block Group 1, Census Tract 111.02, Orange County, North Carolina",1065,110,955
15000US371350111022,"Block Group 2, Census Tract 111.02, Orange County, North Carolina",589,86,503
15000US371350111023,"Block Group 3, Census Tract 111.02, Orange County, North Carolina",784,184,600
15000US371350112021,"Block Group 1, Census Tract 112.02, Orange County, North Carolina",1449,81,1368
15000US371350112022,"Block Group 2, Census Tract 112.02, Orange County, North Carolina",620,29,591
15000US371350112023,"Block Group 3, Census Tract 112.02, Orange County, North Carolina",1072,71,1001
15000US371350112031,"Block Group 1, Census Tract 112.03, Orange County, North Carolina",1089,50,1039
15000US371350112032,"Block Group 2, Census Tract 112.03, Orange County, North Carolina",703,35,668
15000US371350112033,"Block Group 3, Census Tract 112.03, Orange County, North Carolina",717,0,717
15000US371350112041,"Block Group 1, Census Tract 112.04, Orange County, North Carolina",642,60,582
15000US371350112042,"Block Group 2, Census Tract 112.04, Orange County, North Carolina",621,24,597
15000US371350112051,"Block Group 1, Census Tract 112.05, Orange County, North Carolina",1026,38,988
15000US371350112052,"Block Group 2, Census Tract 112.05, Orange County, North Carolina",1161,13,1148
15000US371350112053,"Block Group 3, Census Tract 112.05, Orange County, North Carolina",1056,71,985
15000US371350113001,"Block Group 1, Census Tract 113, Orange County, North Carolina",1112,554,558
15000US371350114001,"Block Group 1, Census Tract 114, Orange County, North Carolina",727,99,628
15000US371350114002,"Block Group 2, Census Tract 114, Orange County, North Carolina",640,384,256
15000US371350115001,"Block Group 1, Census Tract 115, Orange County, North Carolina",780,120,660
15000US371350116011,"Block Group 1, Census Tract 116.01, Orange County, North Carolina",0,0,0
15000US371350116012,"Block Group 2, Census Tract 116.01, Orange County, North Carolina",19,3,16
15000US371350116021,"Block Group 1, Census Tract 116.02, Orange County, North Carolina",0,0,0
15000US371350116022,"Block Group 2, Census Tract 116.02, Orange County, North Carolina",8,8,0
15000US371350116023,"Block Group 3, Census Tract 116.02, Orange County, North Carolina",279,120,159
15000US371350117001,"Block Group 1, Census Tract 117, Orange County, North Carolina",473,132,341
15000US371350117002,"Block Group 2, Census Tract 117, Orange County, North Carolina",788,248,540
15000US371350118001,"Block Group 1, Census Tract 118, Orange County, North Carolina",508,252,256
15000US371350118002,"Block Group 2, Census Tract 118, Orange County, North Carolina",788,141,647
15000US371350119011,"Block Group 1, Census Tract 119.01, Orange County, North Carolina",948,48,900
15000US371350119012,"Block Group 2, Census Tract 119.01, Orange County, North Carolina",681,107,574
15000US371350119013,"Block Group 3, Census Tract 119.01, Orange County, North Carolina",473,132,341
15000US371350119021,"Block Group 1, Census Tract 119.02, Orange County, North Carolina",1004,54,950
15000US371350119022,"Block Group 2, Census Tract 119.02, Orange County, North Carolina",673,95,578
15000US371350121001,"Block Group 1, Census Tract 121, Orange County, North Carolina",1021,154,867
15000US371350121002,"Block Group 2, Census Tract 121, Orange County, North Carolina",989,119,870
15000US371350121003,"Block Group 3, Census Tract 121, Orange County, North Carolina",373,78,295
15000US371350121004,"Block Group 4, Census Tract 121, Orange County, North Carolina",921,27,894
15000US371350122011,"Block Group 1, Census Tract 122.01, Orange County, North Carolina",786,41,745
15000US371350122012,"Block Group 2, Census Tract 122.01, Orange County, North Carolina",299,41,258
15000US371350122021,"Block Group 1, Census Tract 122.02, Orange County, North Carolina",502,211,291
15000US371350122022,"Block Group 2, Census Tract 122.02, Orange County, North Carolina",643,0,643
15000US371350122023,"Block Group 3, Census Tract 122.02, Orange County, North Carolina",954,104,850
15000US371379501011,"Block Group 1, Census Tract 9501.01, Pamlico County, North Carolina",811,45,766
15000US371379501012,"Block Group 2, Census Tract 9501.01, Pamlico County, North Carolina",492,61,431
15000US371379501021,"Block Group 1, Census Tract 9501.02, Pamlico County, North Carolina",486,104,382
15000US371379501022,"Block Group 2, Census Tract 9501.02, Pamlico County, North Carolina",344,81,263
15000US371379501023,"Block Group 3, Census Tract 9501.02, Pamlico County, North Carolina",280,98,182
15000US371379501024,"Block Group 4, Census Tract 9501.02, Pamlico County, North Carolina",166,38,128
15000US371379502011,"Block Group 1, Census Tract 9502.01, Pamlico County, North Carolina",340,20,320
15000US371379502012,"Block Group 2, Census Tract 9502.01, Pamlico County, North Carolina",530,52,478
15000US371379502013,"Block Group 3, Census Tract 9502.01, Pamlico County, North Carolina",346,17,329
15000US371379502014,"Block Group 4, Census Tract 9502.01, Pamlico County, North Carolina",448,68,380
15000US371379502021,"Block Group 1, Census Tract 9502.02, Pamlico County, North Carolina",445,17,428
15000US371379502022,"Block Group 2, Census Tract 9502.02, Pamlico County, North Carolina",728,113,615
15000US371379901000,"Block Group 0, Census Tract 9901, Pamlico County, North Carolina",0,0,0
15000US371399601001,"Block Group 1, Census Tract 9601, Pasquotank County, North Carolina",307,54,253
15000US371399601002,"Block Group 2, Census Tract 9601, Pasquotank County, North Carolina",321,124,197
15000US371399602001,"Block Group 1, Census Tract 9602, Pasquotank County, North Carolina",374,50,324
15000US371399602002,"Block Group 2, Census Tract 9602, Pasquotank County, North Carolina",225,53,172
15000US371399602003,"Block Group 3, Census Tract 9602, Pasquotank County, North Carolina",243,81,162
15000US371399602004,"Block Group 4, Census Tract 9602, Pasquotank County, North Carolina",410,65,345
15000US371399603001,"Block Group 1, Census Tract 9603, Pasquotank County, North Carolina",492,174,318
15000US371399603002,"Block Group 2, Census Tract 9603, Pasquotank County, North Carolina",637,370,267
15000US371399604001,"Block Group 1, Census Tract 9604, Pasquotank County, North Carolina",394,95,299
15000US371399604002,"Block Group 2, Census Tract 9604, Pasquotank County, North Carolina",280,9,271
15000US371399604003,"Block Group 3, Census Tract 9604, Pasquotank County, North Carolina",320,51,269
15000US371399604004,"Block Group 4, Census Tract 9604, Pasquotank County, North Carolina",245,40,205
15000US371399604005,"Block Group 5, Census Tract 9604, Pasquotank County, North Carolina",391,129,262
15000US371399605011,"Block Group 1, Census Tract 9605.01, Pasquotank County, North Carolina",386,32,354
15000US371399605012,"Block Group 2, Census Tract 9605.01, Pasquotank County, North Carolina",827,53,774
15000US371399605021,"Block Group 1, Census Tract 9605.02, Pasquotank County, North Carolina",754,104,650
15000US371399605022,"Block Group 2, Census Tract 9605.02, Pasquotank County, North Carolina",912,30,882
15000US371399605031,"Block Group 1, Census Tract 9605.03, Pasquotank County, North Carolina",1080,283,797
15000US371399606001,"Block Group 1, Census Tract 9606, Pasquotank County, North Carolina",1074,67,1007
15000US371399606002,"Block Group 2, Census Tract 9606, Pasquotank County, North Carolina",1590,91,1499
15000US371399607011,"Block Group 1, Census Tract 9607.01, Pasquotank County, North Carolina",749,110,639
15000US371399607012,"Block Group 2, Census Tract 9607.01, Pasquotank County, North Carolina",1332,105,1227
15000US371399607020,"Block Group 0, Census Tract 9607.02, Pasquotank County, North Carolina",0,0,0
15000US371399607021,"Block Group 1, Census Tract 9607.02, Pasquotank County, North Carolina",737,73,664
15000US371399607022,"Block Group 2, Census Tract 9607.02, Pasquotank County, North Carolina",298,46,252
15000US371399607023,"Block Group 3, Census Tract 9607.02, Pasquotank County, North Carolina",319,47,272
15000US371419201011,"Block Group 1, Census Tract 9201.01, Pender County, North Carolina",115,14,101
15000US371419201012,"Block Group 2, Census Tract 9201.01, Pender County, North Carolina",87,10,77
15000US371419201021,"Block Group 1, Census Tract 9201.02, Pender County, North Carolina",334,25,309
15000US371419201022,"Block Group 2, Census Tract 9201.02, Pender County, North Carolina",199,5,194
15000US371419201031,"Block Group 1, Census Tract 9201.03, Pender County, North Carolina",454,48,406
15000US371419201032,"Block Group 2, Census Tract 9201.03, Pender County, North Carolina",693,94,599
15000US371419201033,"Block Group 3, Census Tract 9201.03, Pender County, North Carolina",971,110,861
15000US371419202011,"Block Group 1, Census Tract 9202.01, Pender County, North Carolina",1359,16,1343
15000US371419202012,"Block Group 2, Census Tract 9202.01, Pender County, North Carolina",1267,58,1209
15000US371419202021,"Block Group 1, Census Tract 9202.02, Pender County, North Carolina",912,133,779
15000US371419202022,"Block Group 2, Census Tract 9202.02, Pender County, North Carolina",1102,68,1034
15000US371419202023,"Block Group 3, Census Tract 9202.02, Pender County, North Carolina",972,46,926
15000US371419202031,"Block Group 1, Census Tract 9202.03, Pender County, North Carolina",1861,209,1652
15000US371419202041,"Block Group 1, Census Tract 9202.04, Pender County, North Carolina",332,78,254
15000US371419202042,"Block Group 2, Census Tract 9202.04, Pender County, North Carolina",519,115,404
15000US371419203001,"Block Group 1, Census Tract 9203, Pender County, North Carolina",660,144,516
15000US371419203002,"Block Group 2, Census Tract 9203, Pender County, North Carolina",674,182,492
15000US371419203003,"Block Group 3, Census Tract 9203, Pender County, North Carolina",271,32,239
15000US371419204011,"Block Group 1, Census Tract 9204.01, Pender County, North Carolina",984,317,667
15000US371419204021,"Block Group 1, Census Tract 9204.02, Pender County, North Carolina",636,88,548
15000US371419204022,"Block Group 2, Census Tract 9204.02, Pender County, North Carolina",425,145,280
15000US371419204031,"Block Group 1, Census Tract 9204.03, Pender County, North Carolina",379,42,337
15000US371419204032,"Block Group 2, Census Tract 9204.03, Pender County, North Carolina",800,58,742
15000US371419205011,"Block Group 1, Census Tract 9205.01, Pender County, North Carolina",790,124,666
15000US371419205012,"Block Group 2, Census Tract 9205.01, Pender County, North Carolina",421,42,379
15000US371419205013,"Block Group 3, Census Tract 9205.01, Pender County, North Carolina",480,59,421
15000US371419205021,"Block Group 1, Census Tract 9205.02, Pender County, North Carolina",718,181,537
15000US371419206011,"Block Group 1, Census Tract 9206.01, Pender County, North Carolina",1151,232,919
15000US371419206021,"Block Group 1, Census Tract 9206.02, Pender County, North Carolina",814,115,699
15000US371419206022,"Block Group 2, Census Tract 9206.02, Pender County, North Carolina",795,219,576
15000US371419206023,"Block Group 3, Census Tract 9206.02, Pender County, North Carolina",565,67,498
15000US371419901000,"Block Group 0, Census Tract 9901, Pender County, North Carolina",0,0,0
15000US371439201000,"Block Group 0, Census Tract 9201, Perquimans County, North Carolina",0,0,0
15000US371439201001,"Block Group 1, Census Tract 9201, Perquimans County, North Carolina",492,101,391
15000US371439201002,"Block Group 2, Census Tract 9201, Perquimans County, North Carolina",758,169,589
15000US371439201003,"Block Group 3, Census Tract 9201, Perquimans County, North Carolina",287,80,207
15000US371439201004,"Block Group 4, Census Tract 9201, Perquimans County, North Carolina",891,77,814
15000US371439201005,"Block Group 5, Census Tract 9201, Perquimans County, North Carolina",438,116,322
15000US371439202011,"Block Group 1, Census Tract 9202.01, Perquimans County, North Carolina",191,33,158
15000US371439202012,"Block Group 2, Census Tract 9202.01, Perquimans County, North Carolina",447,85,362
15000US371439202013,"Block Group 3, Census Tract 9202.01, Perquimans County, North Carolina",575,106,469
15000US371439202020,"Block Group 0, Census Tract 9202.02, Perquimans County, North Carolina",0,0,0
15000US371439202021,"Block Group 1, Census Tract 9202.02, Perquimans County, North Carolina",725,110,615
15000US371439202022,"Block Group 2, Census Tract 9202.02, Perquimans County, North Carolina",1132,92,1040
15000US371459201001,"Block Group 1, Census Tract 9201, Person County, North Carolina",912,133,779
15000US371459201002,"Block Group 2, Census Tract 9201, Person County, North Carolina",496,38,458
15000US371459201003,"Block Group 3, Census Tract 9201, Person County, North Carolina",512,24,488
15000US371459201004,"Block Group 4, Census Tract 9201, Person County, North Carolina",736,129,607
15000US371459202001,"Block Group 1, Census Tract 9202, Person County, North Carolina",471,70,401
15000US371459202002,"Block Group 2, Census Tract 9202, Person County, North Carolina",742,129,613
15000US371459202003,"Block Group 3, Census Tract 9202, Person County, North Carolina",601,40,561
15000US371459202004,"Block Group 4, Census Tract 9202, Person County, North Carolina",851,130,721
15000US371459203001,"Block Group 1, Census Tract 9203, Person County, North Carolina",615,36,579
15000US371459203002,"Block Group 2, Census Tract 9203, Person County, North Carolina",578,212,366
15000US371459203003,"Block Group 3, Census Tract 9203, Person County, North Carolina",136,54,82
15000US371459203004,"Block Group 4, Census Tract 9203, Person County, North Carolina",478,150,328
15000US371459203005,"Block Group 5, Census Tract 9203, Person County, North Carolina",614,125,489
15000US371459204001,"Block Group 1, Census Tract 9204, Person County, North Carolina",392,99,293
15000US371459204002,"Block Group 2, Census Tract 9204, Person County, North Carolina",271,32,239
15000US371459204003,"Block Group 3, Census Tract 9204, Person County, North Carolina",543,126,417
15000US371459205001,"Block Group 1, Census Tract 9205, Person County, North Carolina",881,56,825
15000US371459205002,"Block Group 2, Census Tract 9205, Person County, North Carolina",653,55,598
15000US371459205003,"Block Group 3, Census Tract 9205, Person County, North Carolina",755,71,684
15000US371459205004,"Block Group 4, Census Tract 9205, Person County, North Carolina",502,33,469
15000US371459206011,"Block Group 1, Census Tract 9206.01, Person County, North Carolina",986,315,671
15000US371459206012,"Block Group 2, Census Tract 9206.01, Person County, North Carolina",330,47,283
15000US371459206013,"Block Group 3, Census Tract 9206.01, Person County, North Carolina",298,0,298
15000US371459206014,"Block Group 4, Census Tract 9206.01, Person County, North Carolina",534,22,512
15000US371459206021,"Block Group 1, Census Tract 9206.02, Person County, North Carolina",615,110,505
15000US371459206022,"Block Group 2, Census Tract 9206.02, Person County, North Carolina",1394,111,1283
15000US371470001001,"Block Group 1, Census Tract 1, Pitt County, North Carolina",394,139,255
15000US371470001002,"Block Group 2, Census Tract 1, Pitt County, North Carolina",297,179,118
15000US371470001003,"Block Group 3, Census Tract 1, Pitt County, North Carolina",691,412,279
15000US371470001004,"Block Group 4, Census Tract 1, Pitt County, North Carolina",778,356,422
15000US371470001005,"Block Group 5, Census Tract 1, Pitt County, North Carolina",438,275,163
15000US371470002011,"Block Group 1, Census Tract 2.01, Pitt County, North Carolina",500,355,145
15000US371470002012,"Block Group 2, Census Tract 2.01, Pitt County, North Carolina",893,160,733
15000US371470002013,"Block Group 3, Census Tract 2.01, Pitt County, North Carolina",441,251,190
15000US371470002014,"Block Group 4, Census Tract 2.01, Pitt County, North Carolina",343,155,188
15000US371470002021,"Block Group 1, Census Tract 2.02, Pitt County, North Carolina",786,112,674
15000US371470002022,"Block Group 2, Census Tract 2.02, Pitt County, North Carolina",460,132,328
15000US371470003011,"Block Group 1, Census Tract 3.01, Pitt County, North Carolina",416,35,381
15000US371470003012,"Block Group 2, Census Tract 3.01, Pitt County, North Carolina",808,61,747
15000US371470003021,"Block Group 1, Census Tract 3.02, Pitt County, North Carolina",1102,479,623
15000US371470003022,"Block Group 2, Census Tract 3.02, Pitt County, North Carolina",761,131,630
15000US371470003023,"Block Group 3, Census Tract 3.02, Pitt County, North Carolina",749,247,502
15000US371470003024,"Block Group 4, Census Tract 3.02, Pitt County, North Carolina",720,21,699
15000US371470004001,"Block Group 1, Census Tract 4, Pitt County, North Carolina",104,89,15
15000US371470004002,"Block Group 2, Census Tract 4, Pitt County, North Carolina",17,0,17
15000US371470004003,"Block Group 3, Census Tract 4, Pitt County, North Carolina",522,79,443
15000US371470004004,"Block Group 4, Census Tract 4, Pitt County, North Carolina",168,14,154
15000US371470005011,"Block Group 1, Census Tract 5.01, Pitt County, North Carolina",1060,290,770
15000US371470005012,"Block Group 2, Census Tract 5.01, Pitt County, North Carolina",715,0,715
15000US371470005013,"Block Group 3, Census Tract 5.01, Pitt County, North Carolina",925,62,863
15000US371470005021,"Block Group 1, Census Tract 5.02, Pitt County, North Carolina",1484,662,822
15000US371470005022,"Block Group 2, Census Tract 5.02, Pitt County, North Carolina",1138,222,916
15000US371470005023,"Block Group 3, Census Tract 5.02, Pitt County, North Carolina",1302,262,1040
15000US371470006011,"Block Group 1, Census Tract 6.01, Pitt County, North Carolina",2236,660,1576
15000US371470006012,"Block Group 2, Census Tract 6.01, Pitt County, North Carolina",1641,324,1317
15000US371470006021,"Block Group 1, Census Tract 6.02, Pitt County, North Carolina",1661,339,1322
15000US371470006022,"Block Group 2, Census Tract 6.02, Pitt County, North Carolina",1429,426,1003
15000US371470006031,"Block Group 1, Census Tract 6.03, Pitt County, North Carolina",1652,141,1511
15000US371470006032,"Block Group 2, Census Tract 6.03, Pitt County, North Carolina",1061,204,857
15000US371470006033,"Block Group 3, Census Tract 6.03, Pitt County, North Carolina",676,166,510
15000US371470006034,"Block Group 4, Census Tract 6.03, Pitt County, North Carolina",559,170,389
15000US371470007011,"Block Group 1, Census Tract 7.01, Pitt County, North Carolina",754,290,464
15000US371470007012,"Block Group 2, Census Tract 7.01, Pitt County, North Carolina",214,26,188
15000US371470007013,"Block Group 3, Census Tract 7.01, Pitt County, North Carolina",330,153,177
15000US371470007014,"Block Group 4, Census Tract 7.01, Pitt County, North Carolina",174,37,137
15000US371470007021,"Block Group 1, Census Tract 7.02, Pitt County, North Carolina",362,305,57
15000US371470007022,"Block Group 2, Census Tract 7.02, Pitt County, North Carolina",460,74,386
15000US371470007023,"Block Group 3, Census Tract 7.02, Pitt County, North Carolina",307,169,138
15000US371470008001,"Block Group 1, Census Tract 8, Pitt County, North Carolina",697,147,550
15000US371470008002,"Block Group 2, Census Tract 8, Pitt County, North Carolina",429,250,179
15000US371470009001,"Block Group 1, Census Tract 9, Pitt County, North Carolina",481,17,464
15000US371470009002,"Block Group 2, Census Tract 9, Pitt County, North Carolina",1198,295,903
15000US371470009003,"Block Group 3, Census Tract 9, Pitt County, North Carolina",1060,247,813
15000US371470010011,"Block Group 1, Census Tract 10.01, Pitt County, North Carolina",738,158,580
15000US371470010021,"Block Group 1, Census Tract 10.02, Pitt County, North Carolina",1153,45,1108
15000US371470010022,"Block Group 2, Census Tract 10.02, Pitt County, North Carolina",1249,76,1173
15000US371470010031,"Block Group 1, Census Tract 10.03, Pitt County, North Carolina",561,0,561
15000US371470010032,"Block Group 2, Census Tract 10.03, Pitt County, North Carolina",881,38,843
15000US371470010033,"Block Group 3, Census Tract 10.03, Pitt County, North Carolina",781,10,771
15000US371470011001,"Block Group 1, Census Tract 11, Pitt County, North Carolina",882,115,767
15000US371470011002,"Block Group 2, Census Tract 11, Pitt County, North Carolina",854,163,691
15000US371470011003,"Block Group 3, Census Tract 11, Pitt County, North Carolina",330,56,274
15000US371470012001,"Block Group 1, Census Tract 12, Pitt County, North Carolina",1768,381,1387
15000US371470012002,"Block Group 2, Census Tract 12, Pitt County, North Carolina",210,0,210
15000US371470012003,"Block Group 3, Census Tract 12, Pitt County, North Carolina",421,55,366
15000US371470013011,"Block Group 1, Census Tract 13.01, Pitt County, North Carolina",1242,93,1149
15000US371470013012,"Block Group 2, Census Tract 13.01, Pitt County, North Carolina",372,98,274
15000US371470013021,"Block Group 1, Census Tract 13.02, Pitt County, North Carolina",988,61,927
15000US371470013022,"Block Group 2, Census Tract 13.02, Pitt County, North Carolina",1284,164,1120
15000US371470013031,"Block Group 1, Census Tract 13.03, Pitt County, North Carolina",1389,29,1360
15000US371470013032,"Block Group 2, Census Tract 13.03, Pitt County, North Carolina",697,41,656
15000US371470013033,"Block Group 3, Census Tract 13.03, Pitt County, North Carolina",1321,135,1186
15000US371470014011,"Block Group 1, Census Tract 14.01, Pitt County, North Carolina",693,216,477
15000US371470014012,"Block Group 2, Census Tract 14.01, Pitt County, North Carolina",463,12,451
15000US371470014013,"Block Group 3, Census Tract 14.01, Pitt County, North Carolina",331,190,141
15000US371470014014,"Block Group 4, Census Tract 14.01, Pitt County, North Carolina",454,129,325
15000US371470014021,"Block Group 1, Census Tract 14.02, Pitt County, North Carolina",617,144,473
15000US371470014022,"Block Group 2, Census Tract 14.02, Pitt County, North Carolina",472,93,379
15000US371470015001,"Block Group 1, Census Tract 15, Pitt County, North Carolina",739,141,598
15000US371470015002,"Block Group 2, Census Tract 15, Pitt County, North Carolina",604,102,502
15000US371470016001,"Block Group 1, Census Tract 16, Pitt County, North Carolina",407,26,381
15000US371470016002,"Block Group 2, Census Tract 16, Pitt County, North Carolina",1571,356,1215
15000US371470016003,"Block Group 3, Census Tract 16, Pitt County, North Carolina",899,40,859
15000US371470016004,"Block Group 4, Census Tract 16, Pitt County, North Carolina",720,98,622
15000US371470017001,"Block Group 1, Census Tract 17, Pitt County, North Carolina",999,108,891
15000US371470017002,"Block Group 2, Census Tract 17, Pitt County, North Carolina",606,121,485
15000US371470018001,"Block Group 1, Census Tract 18, Pitt County, North Carolina",792,288,504
15000US371470018002,"Block Group 2, Census Tract 18, Pitt County, North Carolina",192,0,192
15000US371470018003,"Block Group 3, Census Tract 18, Pitt County, North Carolina",561,69,492
15000US371470018004,"Block Group 4, Census Tract 18, Pitt County, North Carolina",388,15,373
15000US371470018005,"Block Group 5, Census Tract 18, Pitt County, North Carolina",486,173,313
15000US371470019001,"Block Group 1, Census Tract 19, Pitt County, North Carolina",334,103,231
15000US371470019002,"Block Group 2, Census Tract 19, Pitt County, North Carolina",349,73,276
15000US371470019003,"Block Group 3, Census Tract 19, Pitt County, North Carolina",439,45,394
15000US371470020011,"Block Group 1, Census Tract 20.01, Pitt County, North Carolina",507,51,456
15000US371470020012,"Block Group 2, Census Tract 20.01, Pitt County, North Carolina",1224,293,931
15000US371470020013,"Block Group 3, Census Tract 20.01, Pitt County, North Carolina",426,79,347
15000US371470020021,"Block Group 1, Census Tract 20.02, Pitt County, North Carolina",433,57,376
15000US371470020022,"Block Group 2, Census Tract 20.02, Pitt County, North Carolina",358,112,246
15000US371470020023,"Block Group 3, Census Tract 20.02, Pitt County, North Carolina",313,4,309
15000US371470020024,"Block Group 4, Census Tract 20.02, Pitt County, North Carolina",303,120,183
15000US371470020025,"Block Group 5, Census Tract 20.02, Pitt County, North Carolina",605,109,496
15000US371499201011,"Block Group 1, Census Tract 9201.01, Polk County, North Carolina",731,36,695
15000US371499201012,"Block Group 2, Census Tract 9201.01, Polk County, North Carolina",671,53,618
15000US371499201031,"Block Group 1, Census Tract 9201.03, Polk County, North Carolina",1329,127,1202
15000US371499201041,"Block Group 1, Census Tract 9201.04, Polk County, North Carolina",501,49,452
15000US371499201042,"Block Group 2, Census Tract 9201.04, Polk County, North Carolina",885,114,771
15000US371499202001,"Block Group 1, Census Tract 9202, Polk County, North Carolina",841,49,792
15000US371499202002,"Block Group 2, Census Tract 9202, Polk County, North Carolina",683,53,630
15000US371499202003,"Block Group 3, Census Tract 9202, Polk County, North Carolina",443,45,398
15000US371499203011,"Block Group 1, Census Tract 9203.01, Polk County, North Carolina",580,95,485
15000US371499203031,"Block Group 1, Census Tract 9203.03, Polk County, North Carolina",913,179,734
15000US371499203041,"Block Group 1, Census Tract 9203.04, Polk County, North Carolina",629,38,591
15000US371499203042,"Block Group 2, Census Tract 9203.04, Polk County, North Carolina",865,87,778
15000US371510301001,"Block Group 1, Census Tract 301, Randolph County, North Carolina",727,208,519
15000US371510301002,"Block Group 2, Census Tract 301, Randolph County, North Carolina",752,122,630
15000US371510301003,"Block Group 3, Census Tract 301, Randolph County, North Carolina",566,108,458
15000US371510302011,"Block Group 1, Census Tract 302.01, Randolph County, North Carolina",264,0,264
15000US371510302012,"Block Group 2, Census Tract 302.01, Randolph County, North Carolina",788,225,563
15000US371510302013,"Block Group 3, Census Tract 302.01, Randolph County, North Carolina",469,27,442
15000US371510302021,"Block Group 1, Census Tract 302.02, Randolph County, North Carolina",536,37,499
15000US371510302022,"Block Group 2, Census Tract 302.02, Randolph County, North Carolina",402,8,394
15000US371510302023,"Block Group 3, Census Tract 302.02, Randolph County, North Carolina",827,192,635
15000US371510303011,"Block Group 1, Census Tract 303.01, Randolph County, North Carolina",1429,317,1112
15000US371510303012,"Block Group 2, Census Tract 303.01, Randolph County, North Carolina",971,132,839
15000US371510303013,"Block Group 3, Census Tract 303.01, Randolph County, North Carolina",260,47,213
15000US371510303021,"Block Group 1, Census Tract 303.02, Randolph County, North Carolina",338,76,262
15000US371510303022,"Block Group 2, Census Tract 303.02, Randolph County, North Carolina",546,220,326
15000US371510304001,"Block Group 1, Census Tract 304, Randolph County, North Carolina",432,127,305
15000US371510304002,"Block Group 2, Census Tract 304, Randolph County, North Carolina",570,118,452
15000US371510304003,"Block Group 3, Census Tract 304, Randolph County, North Carolina",706,125,581
15000US371510305021,"Block Group 1, Census Tract 305.02, Randolph County, North Carolina",1066,76,990
15000US371510305022,"Block Group 2, Census Tract 305.02, Randolph County, North Carolina",487,65,422
15000US371510305023,"Block Group 3, Census Tract 305.02, Randolph County, North Carolina",201,55,146
15000US371510305031,"Block Group 1, Census Tract 305.03, Randolph County, North Carolina",1006,113,893
15000US371510305032,"Block Group 2, Census Tract 305.03, Randolph County, North Carolina",755,156,599
15000US371510305033,"Block Group 3, Census Tract 305.03, Randolph County, North Carolina",508,35,473
15000US371510305041,"Block Group 1, Census Tract 305.04, Randolph County, North Carolina",956,209,747
15000US371510305042,"Block Group 2, Census Tract 305.04, Randolph County, North Carolina",478,0,478
15000US371510305043,"Block Group 3, Census Tract 305.04, Randolph County, North Carolina",486,73,413
15000US371510305044,"Block Group 4, Census Tract 305.04, Randolph County, North Carolina",502,23,479
15000US371510306001,"Block Group 1, Census Tract 306, Randolph County, North Carolina",990,87,903
15000US371510306002,"Block Group 2, Census Tract 306, Randolph County, North Carolina",1246,114,1132
15000US371510306003,"Block Group 3, Census Tract 306, Randolph County, North Carolina",559,112,447
15000US371510307001,"Block Group 1, Census Tract 307, Randolph County, North Carolina",846,23,823
15000US371510307002,"Block Group 2, Census Tract 307, Randolph County, North Carolina",337,104,233
15000US371510307003,"Block Group 3, Census Tract 307, Randolph County, North Carolina",1206,325,881
15000US371510308011,"Block Group 1, Census Tract 308.01, Randolph County, North Carolina",1016,172,844
15000US371510308012,"Block Group 2, Census Tract 308.01, Randolph County, North Carolina",977,103,874
15000US371510308013,"Block Group 3, Census Tract 308.01, Randolph County, North Carolina",688,90,598
15000US371510308021,"Block Group 1, Census Tract 308.02, Randolph County, North Carolina",1036,113,923
15000US371510308022,"Block Group 2, Census Tract 308.02, Randolph County, North Carolina",830,77,753
15000US371510308023,"Block Group 3, Census Tract 308.02, Randolph County, North Carolina",670,28,642
15000US371510309001,"Block Group 1, Census Tract 309, Randolph County, North Carolina",680,128,552
15000US371510309002,"Block Group 2, Census Tract 309, Randolph County, North Carolina",388,35,353
15000US371510309003,"Block Group 3, Census Tract 309, Randolph County, North Carolina",424,57,367
15000US371510310001,"Block Group 1, Census Tract 310, Randolph County, North Carolina",530,47,483
15000US371510310002,"Block Group 2, Census Tract 310, Randolph County, North Carolina",626,97,529
15000US371510310003,"Block Group 3, Census Tract 310, Randolph County, North Carolina",615,79,536
15000US371510310004,"Block Group 4, Census Tract 310, Randolph County, North Carolina",478,121,357
15000US371510310005,"Block Group 5, Census Tract 310, Randolph County, North Carolina",578,141,437
15000US371510311001,"Block Group 1, Census Tract 311, Randolph County, North Carolina",459,72,387
15000US371510311002,"Block Group 2, Census Tract 311, Randolph County, North Carolina",360,42,318
15000US371510311003,"Block Group 3, Census Tract 311, Randolph County, North Carolina",477,73,404
15000US371510311004,"Block Group 4, Census Tract 311, Randolph County, North Carolina",493,233,260
15000US371510311005,"Block Group 5, Census Tract 311, Randolph County, North Carolina",382,58,324
15000US371510312001,"Block Group 1, Census Tract 312, Randolph County, North Carolina",528,156,372
15000US371510312002,"Block Group 2, Census Tract 312, Randolph County, North Carolina",284,19,265
15000US371510312003,"Block Group 3, Census Tract 312, Randolph County, North Carolina",521,117,404
15000US371510312004,"Block Group 4, Census Tract 312, Randolph County, North Carolina",716,181,535
15000US371510313031,"Block Group 1, Census Tract 313.03, Randolph County, North Carolina",1029,52,977
15000US371510313032,"Block Group 2, Census Tract 313.03, Randolph County, North Carolina",677,63,614
15000US371510313041,"Block Group 1, Census Tract 313.04, Randolph County, North Carolina",790,152,638
15000US371510313042,"Block Group 2, Census Tract 313.04, Randolph County, North Carolina",825,92,733
15000US371510313043,"Block Group 3, Census Tract 313.04, Randolph County, North Carolina",358,37,321
15000US371510313051,"Block Group 1, Census Tract 313.05, Randolph County, North Carolina",942,159,783
15000US371510313052,"Block Group 2, Census Tract 313.05, Randolph County, North Carolina",694,111,583
15000US371510313061,"Block Group 1, Census Tract 313.06, Randolph County, North Carolina",1001,165,836
15000US371510313062,"Block Group 2, Census Tract 313.06, Randolph County, North Carolina",670,16,654
15000US371510313063,"Block Group 3, Census Tract 313.06, Randolph County, North Carolina",1025,46,979
15000US371510314001,"Block Group 1, Census Tract 314, Randolph County, North Carolina",409,48,361
15000US371510314002,"Block Group 2, Census Tract 314, Randolph County, North Carolina",795,217,578
15000US371510314003,"Block Group 3, Census Tract 314, Randolph County, North Carolina",917,96,821
15000US371510314004,"Block Group 4, Census Tract 314, Randolph County, North Carolina",1264,195,1069
15000US371510315011,"Block Group 1, Census Tract 315.01, Randolph County, North Carolina",204,71,133
15000US371510315012,"Block Group 2, Census Tract 315.01, Randolph County, North Carolina",650,94,556
15000US371510315013,"Block Group 3, Census Tract 315.01, Randolph County, North Carolina",229,89,140
15000US371510315014,"Block Group 4, Census Tract 315.01, Randolph County, North Carolina",1136,54,1082
15000US371510315031,"Block Group 1, Census Tract 315.03, Randolph County, North Carolina",404,58,346
15000US371510315032,"Block Group 2, Census Tract 315.03, Randolph County, North Carolina",1027,49,978
15000US371510315041,"Block Group 1, Census Tract 315.04, Randolph County, North Carolina",263,0,263
15000US371510315042,"Block Group 2, Census Tract 315.04, Randolph County, North Carolina",969,101,868
15000US371510315043,"Block Group 3, Census Tract 315.04, Randolph County, North Carolina",793,45,748
15000US371510315051,"Block Group 1, Census Tract 315.05, Randolph County, North Carolina",358,18,340
15000US371510315052,"Block Group 2, Census Tract 315.05, Randolph County, North Carolina",643,94,549
15000US371510315053,"Block Group 3, Census Tract 315.05, Randolph County, North Carolina",227,37,190
15000US371510316011,"Block Group 1, Census Tract 316.01, Randolph County, North Carolina",365,33,332
15000US371510316012,"Block Group 2, Census Tract 316.01, Randolph County, North Carolina",582,97,485
15000US371510316013,"Block Group 3, Census Tract 316.01, Randolph County, North Carolina",745,46,699
15000US371510316021,"Block Group 1, Census Tract 316.02, Randolph County, North Carolina",582,115,467
15000US371539701001,"Block Group 1, Census Tract 9701, Richmond County, North Carolina",200,28,172
15000US371539701002,"Block Group 2, Census Tract 9701, Richmond County, North Carolina",768,47,721
15000US371539701003,"Block Group 3, Census Tract 9701, Richmond County, North Carolina",310,129,181
15000US371539702001,"Block Group 1, Census Tract 9702, Richmond County, North Carolina",699,102,597
15000US371539702002,"Block Group 2, Census Tract 9702, Richmond County, North Carolina",655,90,565
15000US371539702003,"Block Group 3, Census Tract 9702, Richmond County, North Carolina",782,55,727
15000US371539703001,"Block Group 1, Census Tract 9703, Richmond County, North Carolina",568,71,497
15000US371539703002,"Block Group 2, Census Tract 9703, Richmond County, North Carolina",237,71,166
15000US371539703003,"Block Group 3, Census Tract 9703, Richmond County, North Carolina",410,95,315
15000US371539703004,"Block Group 4, Census Tract 9703, Richmond County, North Carolina",329,38,291
15000US371539703005,"Block Group 5, Census Tract 9703, Richmond County, North Carolina",254,84,170
15000US371539704001,"Block Group 1, Census Tract 9704, Richmond County, North Carolina",490,118,372
15000US371539704002,"Block Group 2, Census Tract 9704, Richmond County, North Carolina",215,18,197
15000US371539704003,"Block Group 3, Census Tract 9704, Richmond County, North Carolina",446,38,408
15000US371539704004,"Block Group 4, Census Tract 9704, Richmond County, North Carolina",417,57,360
15000US371539705001,"Block Group 1, Census Tract 9705, Richmond County, North Carolina",261,22,239
15000US371539705002,"Block Group 2, Census Tract 9705, Richmond County, North Carolina",274,66,208
15000US371539705003,"Block Group 3, Census Tract 9705, Richmond County, North Carolina",350,200,150
15000US371539706001,"Block Group 1, Census Tract 9706, Richmond County, North Carolina",1136,371,765
15000US371539706002,"Block Group 2, Census Tract 9706, Richmond County, North Carolina",207,83,124
15000US371539706003,"Block Group 3, Census Tract 9706, Richmond County, North Carolina",449,215,234
15000US371539707001,"Block Group 1, Census Tract 9707, Richmond County, North Carolina",330,78,252
15000US371539707002,"Block Group 2, Census Tract 9707, Richmond County, North Carolina",317,119,198
15000US371539707003,"Block Group 3, Census Tract 9707, Richmond County, North Carolina",195,111,84
15000US371539707004,"Block Group 4, Census Tract 9707, Richmond County, North Carolina",298,68,230
15000US371539708001,"Block Group 1, Census Tract 9708, Richmond County, North Carolina",215,61,154
15000US371539708002,"Block Group 2, Census Tract 9708, Richmond County, North Carolina",343,131,212
15000US371539708003,"Block Group 3, Census Tract 9708, Richmond County, North Carolina",265,20,245
15000US371539708004,"Block Group 4, Census Tract 9708, Richmond County, North Carolina",750,173,577
15000US371539708005,"Block Group 5, Census Tract 9708, Richmond County, North Carolina",540,142,398
15000US371539709001,"Block Group 1, Census Tract 9709, Richmond County, North Carolina",462,106,356
15000US371539709002,"Block Group 2, Census Tract 9709, Richmond County, North Carolina",394,12,382
15000US371539709003,"Block Group 3, Census Tract 9709, Richmond County, North Carolina",475,23,452
15000US371539709004,"Block Group 4, Census Tract 9709, Richmond County, North Carolina",635,188,447
15000US371539709005,"Block Group 5, Census Tract 9709, Richmond County, North Carolina",213,40,173
15000US371539710001,"Block Group 1, Census Tract 9710, Richmond County, North Carolina",641,93,548
15000US371539710002,"Block Group 2, Census Tract 9710, Richmond County, North Carolina",737,220,517
15000US371539710003,"Block Group 3, Census Tract 9710, Richmond County, North Carolina",268,95,173
15000US371539711001,"Block Group 1, Census Tract 9711, Richmond County, North Carolina",865,187,678
15000US371539711002,"Block Group 2, Census Tract 9711, Richmond County, North Carolina",384,215,169
15000US371539711003,"Block Group 3, Census Tract 9711, Richmond County, North Carolina",596,203,393
15000US371559601011,"Block Group 1, Census Tract 9601.01, Robeson County, North Carolina",1062,276,786
15000US371559601012,"Block Group 2, Census Tract 9601.01, Robeson County, North Carolina",268,77,191
15000US371559601021,"Block Group 1, Census Tract 9601.02, Robeson County, North Carolina",627,25,602
15000US371559601022,"Block Group 2, Census Tract 9601.02, Robeson County, North Carolina",345,78,267
15000US371559601023,"Block Group 3, Census Tract 9601.02, Robeson County, North Carolina",470,165,305
15000US371559601024,"Block Group 4, Census Tract 9601.02, Robeson County, North Carolina",417,20,397
15000US371559602011,"Block Group 1, Census Tract 9602.01, Robeson County, North Carolina",452,112,340
15000US371559602012,"Block Group 2, Census Tract 9602.01, Robeson County, North Carolina",791,236,555
15000US371559602013,"Block Group 3, Census Tract 9602.01, Robeson County, North Carolina",793,163,630
15000US371559602021,"Block Group 1, Census Tract 9602.02, Robeson County, North Carolina",637,230,407
15000US371559602022,"Block Group 2, Census Tract 9602.02, Robeson County, North Carolina",873,328,545
15000US371559603001,"Block Group 1, Census Tract 9603, Robeson County, North Carolina",827,327,500
15000US371559603002,"Block Group 2, Census Tract 9603, Robeson County, North Carolina",546,170,376
15000US371559603003,"Block Group 3, Census Tract 9603, Robeson County, North Carolina",553,217,336
15000US371559603004,"Block Group 4, Census Tract 9603, Robeson County, North Carolina",312,111,201
15000US371559604011,"Block Group 1, Census Tract 9604.01, Robeson County, North Carolina",767,180,587
15000US371559604012,"Block Group 2, Census Tract 9604.01, Robeson County, North Carolina",395,99,296
15000US371559604013,"Block Group 3, Census Tract 9604.01, Robeson County, North Carolina",631,103,528
15000US371559604014,"Block Group 4, Census Tract 9604.01, Robeson County, North Carolina",630,101,529
15000US371559604021,"Block Group 1, Census Tract 9604.02, Robeson County, North Carolina",524,133,391
15000US371559604022,"Block Group 2, Census Tract 9604.02, Robeson County, North Carolina",821,168,653
15000US371559605011,"Block Group 1, Census Tract 9605.01, Robeson County, North Carolina",685,246,439
15000US371559605012,"Block Group 2, Census Tract 9605.01, Robeson County, North Carolina",571,142,429
15000US371559605021,"Block Group 1, Census Tract 9605.02, Robeson County, North Carolina",164,38,126
15000US371559605022,"Block Group 2, Census Tract 9605.02, Robeson County, North Carolina",549,248,301
15000US371559605023,"Block Group 3, Census Tract 9605.02, Robeson County, North Carolina",456,196,260
15000US371559605031,"Block Group 1, Census Tract 9605.03, Robeson County, North Carolina",683,153,530
15000US371559606001,"Block Group 1, Census Tract 9606, Robeson County, North Carolina",1042,348,694
15000US371559606002,"Block Group 2, Census Tract 9606, Robeson County, North Carolina",669,175,494
15000US371559606003,"Block Group 3, Census Tract 9606, Robeson County, North Carolina",556,205,351
15000US371559607011,"Block Group 1, Census Tract 9607.01, Robeson County, North Carolina",499,112,387
15000US371559607012,"Block Group 2, Census Tract 9607.01, Robeson County, North Carolina",668,155,513
15000US371559607013,"Block Group 3, Census Tract 9607.01, Robeson County, North Carolina",694,74,620
15000US371559607021,"Block Group 1, Census Tract 9607.02, Robeson County, North Carolina",252,104,148
15000US371559607022,"Block Group 2, Census Tract 9607.02, Robeson County, North Carolina",850,215,635
15000US371559608011,"Block Group 1, Census Tract 9608.01, Robeson County, North Carolina",243,91,152
15000US371559608012,"Block Group 2, Census Tract 9608.01, Robeson County, North Carolina",260,115,145
15000US371559608013,"Block Group 3, Census Tract 9608.01, Robeson County, North Carolina",237,153,84
15000US371559608014,"Block Group 4, Census Tract 9608.01, Robeson County, North Carolina",105,86,19
15000US371559608021,"Block Group 1, Census Tract 9608.02, Robeson County, North Carolina",525,222,303
15000US371559609001,"Block Group 1, Census Tract 9609, Robeson County, North Carolina",282,31,251
15000US371559609002,"Block Group 2, Census Tract 9609, Robeson County, North Carolina",532,110,422
15000US371559610001,"Block Group 1, Census Tract 9610, Robeson County, North Carolina",227,30,197
15000US371559610002,"Block Group 2, Census Tract 9610, Robeson County, North Carolina",354,84,270
15000US371559610003,"Block Group 3, Census Tract 9610, Robeson County, North Carolina",175,46,129
15000US371559611001,"Block Group 1, Census Tract 9611, Robeson County, North Carolina",261,116,145
15000US371559611002,"Block Group 2, Census Tract 9611, Robeson County, North Carolina",454,183,271
15000US371559612001,"Block Group 1, Census Tract 9612, Robeson County, North Carolina",283,68,215
15000US371559612002,"Block Group 2, Census Tract 9612, Robeson County, North Carolina",523,85,438
15000US371559612003,"Block Group 3, Census Tract 9612, Robeson County, North Carolina",402,123,279
15000US371559613011,"Block Group 1, Census Tract 9613.01, Robeson County, North Carolina",1378,179,1199
15000US371559613012,"Block Group 2, Census Tract 9613.01, Robeson County, North Carolina",400,96,304
15000US371559613021,"Block Group 1, Census Tract 9613.02, Robeson County, North Carolina",480,50,430
15000US371559613022,"Block Group 2, Census Tract 9613.02, Robeson County, North Carolina",526,252,274
15000US371559613023,"Block Group 3, Census Tract 9613.02, Robeson County, North Carolina",154,54,100
15000US371559613024,"Block Group 4, Census Tract 9613.02, Robeson County, North Carolina",398,108,290
15000US371559613025,"Block Group 5, Census Tract 9613.02, Robeson County, North Carolina",312,156,156
15000US371559614001,"Block Group 1, Census Tract 9614, Robeson County, North Carolina",909,129,780
15000US371559614002,"Block Group 2, Census Tract 9614, Robeson County, North Carolina",587,115,472
15000US371559615001,"Block Group 1, Census Tract 9615, Robeson County, North Carolina",610,101,509
15000US371559615002,"Block Group 2, Census Tract 9615, Robeson County, North Carolina",334,73,261
15000US371559615003,"Block Group 3, Census Tract 9615, Robeson County, North Carolina",598,100,498
15000US371559615004,"Block Group 4, Census Tract 9615, Robeson County, North Carolina",431,49,382
15000US371559616011,"Block Group 1, Census Tract 9616.01, Robeson County, North Carolina",928,224,704
15000US371559616012,"Block Group 2, Census Tract 9616.01, Robeson County, North Carolina",503,142,361
15000US371559616021,"Block Group 1, Census Tract 9616.02, Robeson County, North Carolina",786,138,648
15000US371559616022,"Block Group 2, Census Tract 9616.02, Robeson County, North Carolina",423,106,317
15000US371559616023,"Block Group 3, Census Tract 9616.02, Robeson County, North Carolina",216,86,130
15000US371559617001,"Block Group 1, Census Tract 9617, Robeson County, North Carolina",433,191,242
15000US371559617002,"Block Group 2, Census Tract 9617, Robeson County, North Carolina",510,168,342
15000US371559617003,"Block Group 3, Census Tract 9617, Robeson County, North Carolina",630,145,485
15000US371559617004,"Block Group 4, Census Tract 9617, Robeson County, North Carolina",410,150,260
15000US371559618011,"Block Group 1, Census Tract 9618.01, Robeson County, North Carolina",1105,314,791
15000US371559618012,"Block Group 2, Census Tract 9618.01, Robeson County, North Carolina",675,242,433
15000US371559618021,"Block Group 1, Census Tract 9618.02, Robeson County, North Carolina",872,228,644
15000US371559618022,"Block Group 2, Census Tract 9618.02, Robeson County, North Carolina",289,97,192
15000US371559618023,"Block Group 3, Census Tract 9618.02, Robeson County, North Carolina",420,60,360
15000US371559618024,"Block Group 4, Census Tract 9618.02, Robeson County, North Carolina",301,66,235
15000US371559619001,"Block Group 1, Census Tract 9619, Robeson County, North Carolina",349,110,239
15000US371559619002,"Block Group 2, Census Tract 9619, Robeson County, North Carolina",500,145,355
15000US371559619003,"Block Group 3, Census Tract 9619, Robeson County, North Carolina",462,129,333
15000US371559619004,"Block Group 4, Census Tract 9619, Robeson County, North Carolina",247,81,166
15000US371559619005,"Block Group 5, Census Tract 9619, Robeson County, North Carolina",313,100,213
15000US371559620011,"Block Group 1, Census Tract 9620.01, Robeson County, North Carolina",608,238,370
15000US371559620012,"Block Group 2, Census Tract 9620.01, Robeson County, North Carolina",547,246,301
15000US371559620013,"Block Group 3, Census Tract 9620.01, Robeson County, North Carolina",190,45,145
15000US371559620021,"Block Group 1, Census Tract 9620.02, Robeson County, North Carolina",391,52,339
15000US371559620022,"Block Group 2, Census Tract 9620.02, Robeson County, North Carolina",760,216,544
15000US371570401011,"Block Group 1, Census Tract 401.01, Rockingham County, North Carolina",374,74,300
15000US371570401012,"Block Group 2, Census Tract 401.01, Rockingham County, North Carolina",662,89,573
15000US371570401013,"Block Group 3, Census Tract 401.01, Rockingham County, North Carolina",559,41,518
15000US371570401021,"Block Group 1, Census Tract 401.02, Rockingham County, North Carolina",267,17,250
15000US371570401022,"Block Group 2, Census Tract 401.02, Rockingham County, North Carolina",446,64,382
15000US371570401023,"Block Group 3, Census Tract 401.02, Rockingham County, North Carolina",276,0,276
15000US371570402001,"Block Group 1, Census Tract 402, Rockingham County, North Carolina",465,20,445
15000US371570402002,"Block Group 2, Census Tract 402, Rockingham County, North Carolina",569,163,406
15000US371570402003,"Block Group 3, Census Tract 402, Rockingham County, North Carolina",647,210,437
15000US371570403001,"Block Group 1, Census Tract 403, Rockingham County, North Carolina",510,99,411
15000US371570403002,"Block Group 2, Census Tract 403, Rockingham County, North Carolina",503,73,430
15000US371570403003,"Block Group 3, Census Tract 403, Rockingham County, North Carolina",716,129,587
15000US371570404001,"Block Group 1, Census Tract 404, Rockingham County, North Carolina",724,108,616
15000US371570404002,"Block Group 2, Census Tract 404, Rockingham County, North Carolina",701,196,505
15000US371570404003,"Block Group 3, Census Tract 404, Rockingham County, North Carolina",464,223,241
15000US371570404004,"Block Group 4, Census Tract 404, Rockingham County, North Carolina",572,157,415
15000US371570405011,"Block Group 1, Census Tract 405.01, Rockingham County, North Carolina",627,164,463
15000US371570405012,"Block Group 2, Census Tract 405.01, Rockingham County, North Carolina",527,61,466
15000US371570405013,"Block Group 3, Census Tract 405.01, Rockingham County, North Carolina",414,70,344
15000US371570405021,"Block Group 1, Census Tract 405.02, Rockingham County, North Carolina",474,67,407
15000US371570405022,"Block Group 2, Census Tract 405.02, Rockingham County, North Carolina",357,54,303
15000US371570405023,"Block Group 3, Census Tract 405.02, Rockingham County, North Carolina",332,48,284
15000US371570406011,"Block Group 1, Census Tract 406.01, Rockingham County, North Carolina",473,30,443
15000US371570406012,"Block Group 2, Census Tract 406.01, Rockingham County, North Carolina",500,78,422
15000US371570406013,"Block Group 3, Census Tract 406.01, Rockingham County, North Carolina",516,83,433
15000US371570406021,"Block Group 1, Census Tract 406.02, Rockingham County, North Carolina",660,72,588
15000US371570406022,"Block Group 2, Census Tract 406.02, Rockingham County, North Carolina",742,109,633
15000US371570406023,"Block Group 3, Census Tract 406.02, Rockingham County, North Carolina",351,67,284
15000US371570407001,"Block Group 1, Census Tract 407, Rockingham County, North Carolina",725,109,616
15000US371570407002,"Block Group 2, Census Tract 407, Rockingham County, North Carolina",238,26,212
15000US371570407003,"Block Group 3, Census Tract 407, Rockingham County, North Carolina",418,65,353
15000US371570407004,"Block Group 4, Census Tract 407, Rockingham County, North Carolina",416,97,319
15000US371570408001,"Block Group 1, Census Tract 408, Rockingham County, North Carolina",723,146,577
15000US371570409001,"Block Group 1, Census Tract 409, Rockingham County, North Carolina",212,10,202
15000US371570409002,"Block Group 2, Census Tract 409, Rockingham County, North Carolina",447,121,326
15000US371570409003,"Block Group 3, Census Tract 409, Rockingham County, North Carolina",509,125,384
15000US371570410011,"Block Group 1, Census Tract 410.01, Rockingham County, North Carolina",515,107,408
15000US371570410012,"Block Group 2, Census Tract 410.01, Rockingham County, North Carolina",418,34,384
15000US371570410013,"Block Group 3, Census Tract 410.01, Rockingham County, North Carolina",960,202,758
15000US371570410014,"Block Group 4, Census Tract 410.01, Rockingham County, North Carolina",386,0,386
15000US371570410021,"Block Group 1, Census Tract 410.02, Rockingham County, North Carolina",592,142,450
15000US371570410022,"Block Group 2, Census Tract 410.02, Rockingham County, North Carolina",997,135,862
15000US371570410023,"Block Group 3, Census Tract 410.02, Rockingham County, North Carolina",631,67,564
15000US371570411001,"Block Group 1, Census Tract 411, Rockingham County, North Carolina",404,17,387
15000US371570411002,"Block Group 2, Census Tract 411, Rockingham County, North Carolina",406,75,331
15000US371570411003,"Block Group 3, Census Tract 411, Rockingham County, North Carolina",525,31,494
15000US371570411004,"Block Group 4, Census Tract 411, Rockingham County, North Carolina",488,71,417
15000US371570411005,"Block Group 5, Census Tract 411, Rockingham County, North Carolina",281,81,200
15000US371570411006,"Block Group 6, Census Tract 411, Rockingham County, North Carolina",531,58,473
15000US371570412001,"Block Group 1, Census Tract 412, Rockingham County, North Carolina",566,58,508
15000US371570412002,"Block Group 2, Census Tract 412, Rockingham County, North Carolina",707,301,406
15000US371570412003,"Block Group 3, Census Tract 412, Rockingham County, North Carolina",387,98,289
15000US371570412004,"Block Group 4, Census Tract 412, Rockingham County, North Carolina",474,191,283
15000US371570413001,"Block Group 1, Census Tract 413, Rockingham County, North Carolina",689,133,556
15000US371570413002,"Block Group 2, Census Tract 413, Rockingham County, North Carolina",584,43,541
15000US371570413003,"Block Group 3, Census Tract 413, Rockingham County, North Carolina",863,299,564
15000US371570413004,"Block Group 4, Census Tract 413, Rockingham County, North Carolina",413,16,397
15000US371570414001,"Block Group 1, Census Tract 414, Rockingham County, North Carolina",343,24,319
15000US371570414002,"Block Group 2, Census Tract 414, Rockingham County, North Carolina",409,121,288
15000US371570414003,"Block Group 3, Census Tract 414, Rockingham County, North Carolina",523,197,326
15000US371570415001,"Block Group 1, Census Tract 415, Rockingham County, North Carolina",1079,278,801
15000US371570415002,"Block Group 2, Census Tract 415, Rockingham County, North Carolina",750,47,703
15000US371570415003,"Block Group 3, Census Tract 415, Rockingham County, North Carolina",735,121,614
15000US371570415004,"Block Group 4, Census Tract 415, Rockingham County, North Carolina",586,60,526
15000US371570416011,"Block Group 1, Census Tract 416.01, Rockingham County, North Carolina",576,66,510
15000US371570416012,"Block Group 2, Census Tract 416.01, Rockingham County, North Carolina",686,51,635
15000US371570416021,"Block Group 1, Census Tract 416.02, Rockingham County, North Carolina",653,43,610
15000US371570416022,"Block Group 2, Census Tract 416.02, Rockingham County, North Carolina",408,85,323
15000US371570416023,"Block Group 3, Census Tract 416.02, Rockingham County, North Carolina",707,84,623
15000US371590502011,"Block Group 1, Census Tract 502.01, Rowan County, North Carolina",542,298,244
15000US371590502012,"Block Group 2, Census Tract 502.01, Rowan County, North Carolina",433,57,376
15000US371590502013,"Block Group 3, Census Tract 502.01, Rowan County, North Carolina",720,112,608
15000US371590502021,"Block Group 1, Census Tract 502.02, Rowan County, North Carolina",401,184,217
15000US371590502022,"Block Group 2, Census Tract 502.02, Rowan County, North Carolina",470,107,363
15000US371590502023,"Block Group 3, Census Tract 502.02, Rowan County, North Carolina",1138,106,1032
15000US371590503001,"Block Group 1, Census Tract 503, Rowan County, North Carolina",383,74,309
15000US371590503002,"Block Group 2, Census Tract 503, Rowan County, North Carolina",889,193,696
15000US371590503003,"Block Group 3, Census Tract 503, Rowan County, North Carolina",368,41,327
15000US371590504001,"Block Group 1, Census Tract 504, Rowan County, North Carolina",485,128,357
15000US371590504002,"Block Group 2, Census Tract 504, Rowan County, North Carolina",293,153,140
15000US371590505001,"Block Group 1, Census Tract 505, Rowan County, North Carolina",565,43,522
15000US371590505002,"Block Group 2, Census Tract 505, Rowan County, North Carolina",235,16,219
15000US371590505003,"Block Group 3, Census Tract 505, Rowan County, North Carolina",290,65,225
15000US371590507001,"Block Group 1, Census Tract 507, Rowan County, North Carolina",342,43,299
15000US371590507002,"Block Group 2, Census Tract 507, Rowan County, North Carolina",214,50,164
15000US371590507003,"Block Group 3, Census Tract 507, Rowan County, North Carolina",272,49,223
15000US371590507004,"Block Group 4, Census Tract 507, Rowan County, North Carolina",328,84,244
15000US371590508001,"Block Group 1, Census Tract 508, Rowan County, North Carolina",184,53,131
15000US371590508002,"Block Group 2, Census Tract 508, Rowan County, North Carolina",301,54,247
15000US371590508003,"Block Group 3, Census Tract 508, Rowan County, North Carolina",300,107,193
15000US371590508004,"Block Group 4, Census Tract 508, Rowan County, North Carolina",191,20,171
15000US371590509011,"Block Group 1, Census Tract 509.01, Rowan County, North Carolina",872,123,749
15000US371590509012,"Block Group 2, Census Tract 509.01, Rowan County, North Carolina",684,66,618
15000US371590509013,"Block Group 3, Census Tract 509.01, Rowan County, North Carolina",298,16,282
15000US371590509031,"Block Group 1, Census Tract 509.03, Rowan County, North Carolina",777,96,681
15000US371590509032,"Block Group 2, Census Tract 509.03, Rowan County, North Carolina",590,66,524
15000US371590509033,"Block Group 3, Census Tract 509.03, Rowan County, North Carolina",971,201,770
15000US371590509041,"Block Group 1, Census Tract 509.04, Rowan County, North Carolina",477,52,425
15000US371590509042,"Block Group 2, Census Tract 509.04, Rowan County, North Carolina",308,82,226
15000US371590509043,"Block Group 3, Census Tract 509.04, Rowan County, North Carolina",241,90,151
15000US371590510011,"Block Group 1, Census Tract 510.01, Rowan County, North Carolina",1003,175,828
15000US371590510012,"Block Group 2, Census Tract 510.01, Rowan County, North Carolina",832,144,688
15000US371590510013,"Block Group 3, Census Tract 510.01, Rowan County, North Carolina",496,20,476
15000US371590510014,"Block Group 4, Census Tract 510.01, Rowan County, North Carolina",567,83,484
15000US371590510021,"Block Group 1, Census Tract 510.02, Rowan County, North Carolina",416,62,354
15000US371590510022,"Block Group 2, Census Tract 510.02, Rowan County, North Carolina",610,34,576
15000US371590510023,"Block Group 3, Census Tract 510.02, Rowan County, North Carolina",541,18,523
15000US371590510024,"Block Group 4, Census Tract 510.02, Rowan County, North Carolina",521,55,466
15000US371590511011,"Block Group 1, Census Tract 511.01, Rowan County, North Carolina",568,36,532
15000US371590511012,"Block Group 2, Census Tract 511.01, Rowan County, North Carolina",375,16,359
15000US371590511013,"Block Group 3, Census Tract 511.01, Rowan County, North Carolina",737,88,649
15000US371590511014,"Block Group 4, Census Tract 511.01, Rowan County, North Carolina",862,80,782
15000US371590511021,"Block Group 1, Census Tract 511.02, Rowan County, North Carolina",389,76,313
15000US371590511022,"Block Group 2, Census Tract 511.02, Rowan County, North Carolina",911,160,751
15000US371590512011,"Block Group 1, Census Tract 512.01, Rowan County, North Carolina",940,94,846
15000US371590512012,"Block Group 2, Census Tract 512.01, Rowan County, North Carolina",453,28,425
15000US371590512013,"Block Group 3, Census Tract 512.01, Rowan County, North Carolina",540,44,496
15000US371590512021,"Block Group 1, Census Tract 512.02, Rowan County, North Carolina",486,124,362
15000US371590512022,"Block Group 2, Census Tract 512.02, Rowan County, North Carolina",798,87,711
15000US371590512041,"Block Group 1, Census Tract 512.04, Rowan County, North Carolina",728,55,673
15000US371590512042,"Block Group 2, Census Tract 512.04, Rowan County, North Carolina",703,98,605
15000US371590513011,"Block Group 1, Census Tract 513.01, Rowan County, North Carolina",580,106,474
15000US371590513012,"Block Group 2, Census Tract 513.01, Rowan County, North Carolina",317,18,299
15000US371590513021,"Block Group 1, Census Tract 513.02, Rowan County, North Carolina",480,14,466
15000US371590513022,"Block Group 2, Census Tract 513.02, Rowan County, North Carolina",767,85,682
15000US371590513023,"Block Group 3, Census Tract 513.02, Rowan County, North Carolina",502,108,394
15000US371590513031,"Block Group 1, Census Tract 513.03, Rowan County, North Carolina",463,59,404
15000US371590513032,"Block Group 2, Census Tract 513.03, Rowan County, North Carolina",476,0,476
15000US371590513033,"Block Group 3, Census Tract 513.03, Rowan County, North Carolina",309,13,296
15000US371590513034,"Block Group 4, Census Tract 513.03, Rowan County, North Carolina",1139,394,745
15000US371590513035,"Block Group 5, Census Tract 513.03, Rowan County, North Carolina",281,40,241
15000US371590514001,"Block Group 1, Census Tract 514, Rowan County, North Carolina",1053,47,1006
15000US371590514002,"Block Group 2, Census Tract 514, Rowan County, North Carolina",879,152,727
15000US371590514003,"Block Group 3, Census Tract 514, Rowan County, North Carolina",628,48,580
15000US371590514004,"Block Group 4, Census Tract 514, Rowan County, North Carolina",481,35,446
15000US371590515011,"Block Group 1, Census Tract 515.01, Rowan County, North Carolina",834,184,650
15000US371590515012,"Block Group 2, Census Tract 515.01, Rowan County, North Carolina",386,59,327
15000US371590515013,"Block Group 3, Census Tract 515.01, Rowan County, North Carolina",289,33,256
15000US371590515021,"Block Group 1, Census Tract 515.02, Rowan County, North Carolina",692,110,582
15000US371590515022,"Block Group 2, Census Tract 515.02, Rowan County, North Carolina",633,148,485
15000US371590516001,"Block Group 1, Census Tract 516, Rowan County, North Carolina",860,85,775
15000US371590516002,"Block Group 2, Census Tract 516, Rowan County, North Carolina",197,40,157
15000US371590516003,"Block Group 3, Census Tract 516, Rowan County, North Carolina",254,0,254
15000US371590516004,"Block Group 4, Census Tract 516, Rowan County, North Carolina",485,120,365
15000US371590516005,"Block Group 5, Census Tract 516, Rowan County, North Carolina",539,47,492
15000US371590517001,"Block Group 1, Census Tract 517, Rowan County, North Carolina",557,95,462
15000US371590517002,"Block Group 2, Census Tract 517, Rowan County, North Carolina",1058,89,969
15000US371590517003,"Block Group 3, Census Tract 517, Rowan County, North Carolina",270,47,223
15000US371590517004,"Block Group 4, Census Tract 517, Rowan County, North Carolina",513,37,476
15000US371590517005,"Block Group 5, Census Tract 517, Rowan County, North Carolina",679,106,573
15000US371590518011,"Block Group 1, Census Tract 518.01, Rowan County, North Carolina",837,165,672
15000US371590518012,"Block Group 2, Census Tract 518.01, Rowan County, North Carolina",321,63,258
15000US371590518013,"Block Group 3, Census Tract 518.01, Rowan County, North Carolina",532,77,455
15000US371590518021,"Block Group 1, Census Tract 518.02, Rowan County, North Carolina",863,57,806
15000US371590518022,"Block Group 2, Census Tract 518.02, Rowan County, North Carolina",734,46,688
15000US371590519011,"Block Group 1, Census Tract 519.01, Rowan County, North Carolina",902,117,785
15000US371590519012,"Block Group 2, Census Tract 519.01, Rowan County, North Carolina",808,107,701
15000US371590519021,"Block Group 1, Census Tract 519.02, Rowan County, North Carolina",622,161,461
15000US371590519022,"Block Group 2, Census Tract 519.02, Rowan County, North Carolina",603,35,568
15000US371590519023,"Block Group 3, Census Tract 519.02, Rowan County, North Carolina",566,23,543
15000US371590519024,"Block Group 4, Census Tract 519.02, Rowan County, North Carolina",556,80,476
15000US371590520001,"Block Group 1, Census Tract 520, Rowan County, North Carolina",268,95,173
15000US371590520002,"Block Group 2, Census Tract 520, Rowan County, North Carolina",592,140,452
15000US371619601001,"Block Group 1, Census Tract 9601, Rutherford County, North Carolina",1068,230,838
15000US371619601002,"Block Group 2, Census Tract 9601, Rutherford County, North Carolina",720,61,659
15000US371619601003,"Block Group 3, Census Tract 9601, Rutherford County, North Carolina",484,42,442
15000US371619601004,"Block Group 4, Census Tract 9601, Rutherford County, North Carolina",422,15,407
15000US371619602001,"Block Group 1, Census Tract 9602, Rutherford County, North Carolina",873,144,729
15000US371619602002,"Block Group 2, Census Tract 9602, Rutherford County, North Carolina",841,14,827
15000US371619602003,"Block Group 3, Census Tract 9602, Rutherford County, North Carolina",575,44,531
15000US371619602004,"Block Group 4, Census Tract 9602, Rutherford County, North Carolina",510,82,428
15000US371619603001,"Block Group 1, Census Tract 9603, Rutherford County, North Carolina",329,27,302
15000US371619603002,"Block Group 2, Census Tract 9603, Rutherford County, North Carolina",321,52,269
15000US371619603003,"Block Group 3, Census Tract 9603, Rutherford County, North Carolina",428,14,414
15000US371619603004,"Block Group 4, Census Tract 9603, Rutherford County, North Carolina",221,29,192
15000US371619604001,"Block Group 1, Census Tract 9604, Rutherford County, North Carolina",834,103,731
15000US371619604002,"Block Group 2, Census Tract 9604, Rutherford County, North Carolina",554,60,494
15000US371619605001,"Block Group 1, Census Tract 9605, Rutherford County, North Carolina",756,112,644
15000US371619605002,"Block Group 2, Census Tract 9605, Rutherford County, North Carolina",487,89,398
15000US371619605003,"Block Group 3, Census Tract 9605, Rutherford County, North Carolina",140,89,51
15000US371619605004,"Block Group 4, Census Tract 9605, Rutherford County, North Carolina",455,51,404
15000US371619605005,"Block Group 5, Census Tract 9605, Rutherford County, North Carolina",449,99,350
15000US371619605006,"Block Group 6, Census Tract 9605, Rutherford County, North Carolina",512,70,442
15000US371619605007,"Block Group 7, Census Tract 9605, Rutherford County, North Carolina",397,16,381
15000US371619606001,"Block Group 1, Census Tract 9606, Rutherford County, North Carolina",635,174,461
15000US371619606002,"Block Group 2, Census Tract 9606, Rutherford County, North Carolina",337,94,243
15000US371619606003,"Block Group 3, Census Tract 9606, Rutherford County, North Carolina",502,6,496
15000US371619607001,"Block Group 1, Census Tract 9607, Rutherford County, North Carolina",347,55,292
15000US371619607002,"Block Group 2, Census Tract 9607, Rutherford County, North Carolina",313,66,247
15000US371619607003,"Block Group 3, Census Tract 9607, Rutherford County, North Carolina",483,143,340
15000US371619607004,"Block Group 4, Census Tract 9607, Rutherford County, North Carolina",455,32,423
15000US371619607005,"Block Group 5, Census Tract 9607, Rutherford County, North Carolina",258,20,238
15000US371619608001,"Block Group 1, Census Tract 9608, Rutherford County, North Carolina",441,113,328
15000US371619608002,"Block Group 2, Census Tract 9608, Rutherford County, North Carolina",310,160,150
15000US371619608003,"Block Group 3, Census Tract 9608, Rutherford County, North Carolina",189,47,142
15000US371619608004,"Block Group 4, Census Tract 9608, Rutherford County, North Carolina",690,411,279
15000US371619608005,"Block Group 5, Census Tract 9608, Rutherford County, North Carolina",414,55,359
15000US371619609001,"Block Group 1, Census Tract 9609, Rutherford County, North Carolina",441,37,404
15000US371619609002,"Block Group 2, Census Tract 9609, Rutherford County, North Carolina",469,196,273
15000US371619609003,"Block Group 3, Census Tract 9609, Rutherford County, North Carolina",561,124,437
15000US371619609004,"Block Group 4, Census Tract 9609, Rutherford County, North Carolina",620,70,550
15000US371619610001,"Block Group 1, Census Tract 9610, Rutherford County, North Carolina",294,37,257
15000US371619610002,"Block Group 2, Census Tract 9610, Rutherford County, North Carolina",670,99,571
15000US371619610003,"Block Group 3, Census Tract 9610, Rutherford County, North Carolina",841,204,637
15000US371619610004,"Block Group 4, Census Tract 9610, Rutherford County, North Carolina",490,178,312
15000US371619610005,"Block Group 5, Census Tract 9610, Rutherford County, North Carolina",332,123,209
15000US371619611011,"Block Group 1, Census Tract 9611.01, Rutherford County, North Carolina",911,155,756
15000US371619611012,"Block Group 2, Census Tract 9611.01, Rutherford County, North Carolina",463,0,463
15000US371619611013,"Block Group 3, Census Tract 9611.01, Rutherford County, North Carolina",496,113,383
15000US371619611014,"Block Group 4, Census Tract 9611.01, Rutherford County, North Carolina",367,118,249
15000US371619611021,"Block Group 1, Census Tract 9611.02, Rutherford County, North Carolina",898,101,797
15000US371619611022,"Block Group 2, Census Tract 9611.02, Rutherford County, North Carolina",327,75,252
15000US371619612001,"Block Group 1, Census Tract 9612, Rutherford County, North Carolina",630,96,534
15000US371619612002,"Block Group 2, Census Tract 9612, Rutherford County, North Carolina",468,58,410
15000US371619612003,"Block Group 3, Census Tract 9612, Rutherford County, North Carolina",655,91,564
15000US371639701001,"Block Group 1, Census Tract 9701, Sampson County, North Carolina",533,62,471
15000US371639701002,"Block Group 2, Census Tract 9701, Sampson County, North Carolina",318,39,279
15000US371639701003,"Block Group 3, Census Tract 9701, Sampson County, North Carolina",307,83,224
15000US371639701004,"Block Group 4, Census Tract 9701, Sampson County, North Carolina",510,189,321
15000US371639701005,"Block Group 5, Census Tract 9701, Sampson County, North Carolina",322,17,305
15000US371639701006,"Block Group 6, Census Tract 9701, Sampson County, North Carolina",390,107,283
15000US371639702001,"Block Group 1, Census Tract 9702, Sampson County, North Carolina",665,73,592
15000US371639702002,"Block Group 2, Census Tract 9702, Sampson County, North Carolina",550,131,419
15000US371639702003,"Block Group 3, Census Tract 9702, Sampson County, North Carolina",521,117,404
15000US371639702004,"Block Group 4, Census Tract 9702, Sampson County, North Carolina",796,138,658
15000US371639703011,"Block Group 1, Census Tract 9703.01, Sampson County, North Carolina",804,84,720
15000US371639703012,"Block Group 2, Census Tract 9703.01, Sampson County, North Carolina",699,88,611
15000US371639703013,"Block Group 3, Census Tract 9703.01, Sampson County, North Carolina",764,162,602
15000US371639703021,"Block Group 1, Census Tract 9703.02, Sampson County, North Carolina",371,44,327
15000US371639703022,"Block Group 2, Census Tract 9703.02, Sampson County, North Carolina",759,100,659
15000US371639703023,"Block Group 3, Census Tract 9703.02, Sampson County, North Carolina",717,26,691
15000US371639704001,"Block Group 1, Census Tract 9704, Sampson County, North Carolina",547,5,542
15000US371639704002,"Block Group 2, Census Tract 9704, Sampson County, North Carolina",436,154,282
15000US371639704003,"Block Group 3, Census Tract 9704, Sampson County, North Carolina",230,21,209
15000US371639704004,"Block Group 4, Census Tract 9704, Sampson County, North Carolina",844,56,788
15000US371639705001,"Block Group 1, Census Tract 9705, Sampson County, North Carolina",768,212,556
15000US371639705002,"Block Group 2, Census Tract 9705, Sampson County, North Carolina",558,76,482
15000US371639705003,"Block Group 3, Census Tract 9705, Sampson County, North Carolina",426,74,352
15000US371639705004,"Block Group 4, Census Tract 9705, Sampson County, North Carolina",419,23,396
15000US371639706001,"Block Group 1, Census Tract 9706, Sampson County, North Carolina",558,93,465
15000US371639706002,"Block Group 2, Census Tract 9706, Sampson County, North Carolina",616,140,476
15000US371639706003,"Block Group 3, Census Tract 9706, Sampson County, North Carolina",348,150,198
15000US371639706004,"Block Group 4, Census Tract 9706, Sampson County, North Carolina",256,78,178
15000US371639707001,"Block Group 1, Census Tract 9707, Sampson County, North Carolina",652,100,552
15000US371639707002,"Block Group 2, Census Tract 9707, Sampson County, North Carolina",480,19,461
15000US371639707003,"Block Group 3, Census Tract 9707, Sampson County, North Carolina",324,44,280
15000US371639707004,"Block Group 4, Census Tract 9707, Sampson County, North Carolina",391,203,188
15000US371639707005,"Block Group 5, Census Tract 9707, Sampson County, North Carolina",805,203,602
15000US371639708001,"Block Group 1, Census Tract 9708, Sampson County, North Carolina",451,97,354
15000US371639708002,"Block Group 2, Census Tract 9708, Sampson County, North Carolina",370,54,316
15000US371639708003,"Block Group 3, Census Tract 9708, Sampson County, North Carolina",533,151,382
15000US371639708004,"Block Group 4, Census Tract 9708, Sampson County, North Carolina",435,120,315
15000US371639708005,"Block Group 5, Census Tract 9708, Sampson County, North Carolina",734,154,580
15000US371639709001,"Block Group 1, Census Tract 9709, Sampson County, North Carolina",511,149,362
15000US371639709002,"Block Group 2, Census Tract 9709, Sampson County, North Carolina",524,149,375
15000US371639709003,"Block Group 3, Census Tract 9709, Sampson County, North Carolina",303,104,199
15000US371639710001,"Block Group 1, Census Tract 9710, Sampson County, North Carolina",208,38,170
15000US371639710002,"Block Group 2, Census Tract 9710, Sampson County, North Carolina",625,90,535
15000US371639710003,"Block Group 3, Census Tract 9710, Sampson County, North Carolina",557,23,534
15000US371639710004,"Block Group 4, Census Tract 9710, Sampson County, North Carolina",481,178,303
15000US371650101011,"Block Group 1, Census Tract 101.01, Scotland County, North Carolina",439,89,350
15000US371650101012,"Block Group 2, Census Tract 101.01, Scotland County, North Carolina",915,99,816
15000US371650101021,"Block Group 1, Census Tract 101.02, Scotland County, North Carolina",711,123,588
15000US371650101022,"Block Group 2, Census Tract 101.02, Scotland County, North Carolina",494,183,311
15000US371650101023,"Block Group 3, Census Tract 101.02, Scotland County, North Carolina",232,32,200
15000US371650101024,"Block Group 4, Census Tract 101.02, Scotland County, North Carolina",612,233,379
15000US371650102001,"Block Group 1, Census Tract 102, Scotland County, North Carolina",466,209,257
15000US371650102002,"Block Group 2, Census Tract 102, Scotland County, North Carolina",338,106,232
15000US371650102003,"Block Group 3, Census Tract 102, Scotland County, North Carolina",249,34,215
15000US371650102004,"Block Group 4, Census Tract 102, Scotland County, North Carolina",439,166,273
15000US371650103001,"Block Group 1, Census Tract 103, Scotland County, North Carolina",425,25,400
15000US371650103002,"Block Group 2, Census Tract 103, Scotland County, North Carolina",273,92,181
15000US371650103003,"Block Group 3, Census Tract 103, Scotland County, North Carolina",364,200,164
15000US371650103004,"Block Group 4, Census Tract 103, Scotland County, North Carolina",190,108,82
15000US371650103005,"Block Group 5, Census Tract 103, Scotland County, North Carolina",257,150,107
15000US371650104001,"Block Group 1, Census Tract 104, Scotland County, North Carolina",236,46,190
15000US371650104002,"Block Group 2, Census Tract 104, Scotland County, North Carolina",912,252,660
15000US371650105001,"Block Group 1, Census Tract 105, Scotland County, North Carolina",374,86,288
15000US371650105002,"Block Group 2, Census Tract 105, Scotland County, North Carolina",436,81,355
15000US371650105003,"Block Group 3, Census Tract 105, Scotland County, North Carolina",805,233,572
15000US371650105004,"Block Group 4, Census Tract 105, Scotland County, North Carolina",449,134,315
15000US371650105005,"Block Group 5, Census Tract 105, Scotland County, North Carolina",633,102,531
15000US371650106001,"Block Group 1, Census Tract 106, Scotland County, North Carolina",248,63,185
15000US371650106002,"Block Group 2, Census Tract 106, Scotland County, North Carolina",581,75,506
15000US371650106003,"Block Group 3, Census Tract 106, Scotland County, North Carolina",441,112,329
15000US371650106004,"Block Group 4, Census Tract 106, Scotland County, North Carolina",734,175,559
15000US371650106005,"Block Group 5, Census Tract 106, Scotland County, North Carolina",669,183,486
15000US371679301011,"Block Group 1, Census Tract 9301.01, Stanly County, North Carolina",308,39,269
15000US371679301012,"Block Group 2, Census Tract 9301.01, Stanly County, North Carolina",411,24,387
15000US371679301013,"Block Group 3, Census Tract 9301.01, Stanly County, North Carolina",822,51,771
15000US371679301021,"Block Group 1, Census Tract 9301.02, Stanly County, North Carolina",497,29,468
15000US371679301022,"Block Group 2, Census Tract 9301.02, Stanly County, North Carolina",398,89,309
15000US371679301023,"Block Group 3, Census Tract 9301.02, Stanly County, North Carolina",529,63,466
15000US371679302001,"Block Group 1, Census Tract 9302, Stanly County, North Carolina",379,64,315
15000US371679302002,"Block Group 2, Census Tract 9302, Stanly County, North Carolina",745,65,680
15000US371679302003,"Block Group 3, Census Tract 9302, Stanly County, North Carolina",366,10,356
15000US371679303001,"Block Group 1, Census Tract 9303, Stanly County, North Carolina",636,38,598
15000US371679303002,"Block Group 2, Census Tract 9303, Stanly County, North Carolina",491,97,394
15000US371679303003,"Block Group 3, Census Tract 9303, Stanly County, North Carolina",434,21,413
15000US371679305001,"Block Group 1, Census Tract 9305, Stanly County, North Carolina",292,73,219
15000US371679305002,"Block Group 2, Census Tract 9305, Stanly County, North Carolina",644,44,600
15000US371679305003,"Block Group 3, Census Tract 9305, Stanly County, North Carolina",410,215,195
15000US371679307001,"Block Group 1, Census Tract 9307, Stanly County, North Carolina",518,69,449
15000US371679307002,"Block Group 2, Census Tract 9307, Stanly County, North Carolina",815,100,715
15000US371679307003,"Block Group 3, Census Tract 9307, Stanly County, North Carolina",522,59,463
15000US371679308011,"Block Group 1, Census Tract 9308.01, Stanly County, North Carolina",1018,80,938
15000US371679308012,"Block Group 2, Census Tract 9308.01, Stanly County, North Carolina",914,85,829
15000US371679308021,"Block Group 1, Census Tract 9308.02, Stanly County, North Carolina",877,89,788
15000US371679308022,"Block Group 2, Census Tract 9308.02, Stanly County, North Carolina",839,48,791
15000US371679309001,"Block Group 1, Census Tract 9309, Stanly County, North Carolina",319,9,310
15000US371679309002,"Block Group 2, Census Tract 9309, Stanly County, North Carolina",1037,90,947
15000US371679309003,"Block Group 3, Census Tract 9309, Stanly County, North Carolina",662,39,623
15000US371679309004,"Block Group 4, Census Tract 9309, Stanly County, North Carolina",291,6,285
15000US371679310001,"Block Group 1, Census Tract 9310, Stanly County, North Carolina",320,48,272
15000US371679310002,"Block Group 2, Census Tract 9310, Stanly County, North Carolina",407,16,391
15000US371679310003,"Block Group 3, Census Tract 9310, Stanly County, North Carolina",610,106,504
15000US371679310004,"Block Group 4, Census Tract 9310, Stanly County, North Carolina",282,0,282
15000US371679310005,"Block Group 5, Census Tract 9310, Stanly County, North Carolina",696,24,672
15000US371679311001,"Block Group 1, Census Tract 9311, Stanly County, North Carolina",396,80,316
15000US371679311002,"Block Group 2, Census Tract 9311, Stanly County, North Carolina",678,120,558
15000US371679311003,"Block Group 3, Census Tract 9311, Stanly County, North Carolina",369,77,292
15000US371679311004,"Block Group 4, Census Tract 9311, Stanly County, North Carolina",180,18,162
15000US371679311005,"Block Group 5, Census Tract 9311, Stanly County, North Carolina",526,39,487
15000US371679312011,"Block Group 1, Census Tract 9312.01, Stanly County, North Carolina",128,0,128
15000US371679312012,"Block Group 2, Census Tract 9312.01, Stanly County, North Carolina",364,17,347
15000US371679312013,"Block Group 3, Census Tract 9312.01, Stanly County, North Carolina",595,83,512
15000US371679312014,"Block Group 4, Census Tract 9312.01, Stanly County, North Carolina",430,258,172
15000US371679312015,"Block Group 5, Census Tract 9312.01, Stanly County, North Carolina",264,16,248
15000US371679312016,"Block Group 6, Census Tract 9312.01, Stanly County, North Carolina",294,55,239
15000US371679312017,"Block Group 7, Census Tract 9312.01, Stanly County, North Carolina",345,12,333
15000US371679312021,"Block Group 1, Census Tract 9312.02, Stanly County, North Carolina",740,151,589
15000US371679312022,"Block Group 2, Census Tract 9312.02, Stanly County, North Carolina",311,59,252
15000US371679312023,"Block Group 3, Census Tract 9312.02, Stanly County, North Carolina",223,24,199
15000US371690701001,"Block Group 1, Census Tract 701, Stokes County, North Carolina",398,44,354
15000US371690701002,"Block Group 2, Census Tract 701, Stokes County, North Carolina",692,103,589
15000US371690701003,"Block Group 3, Census Tract 701, Stokes County, North Carolina",675,11,664
15000US371690701004,"Block Group 4, Census Tract 701, Stokes County, North Carolina",348,45,303
15000US371690701005,"Block Group 5, Census Tract 701, Stokes County, North Carolina",478,30,448
15000US371690702001,"Block Group 1, Census Tract 702, Stokes County, North Carolina",341,19,322
15000US371690702002,"Block Group 2, Census Tract 702, Stokes County, North Carolina",502,125,377
15000US371690702003,"Block Group 3, Census Tract 702, Stokes County, North Carolina",601,45,556
15000US371690703001,"Block Group 1, Census Tract 703, Stokes County, North Carolina",544,92,452
15000US371690703002,"Block Group 2, Census Tract 703, Stokes County, North Carolina",568,120,448
15000US371690703003,"Block Group 3, Census Tract 703, Stokes County, North Carolina",916,265,651
15000US371690704001,"Block Group 1, Census Tract 704, Stokes County, North Carolina",1091,79,1012
15000US371690704002,"Block Group 2, Census Tract 704, Stokes County, North Carolina",646,211,435
15000US371690704003,"Block Group 3, Census Tract 704, Stokes County, North Carolina",491,62,429
15000US371690705011,"Block Group 1, Census Tract 705.01, Stokes County, North Carolina",629,73,556
15000US371690705012,"Block Group 2, Census Tract 705.01, Stokes County, North Carolina",741,138,603
15000US371690705013,"Block Group 3, Census Tract 705.01, Stokes County, North Carolina",937,219,718
15000US371690705014,"Block Group 4, Census Tract 705.01, Stokes County, North Carolina",609,44,565
15000US371690705031,"Block Group 1, Census Tract 705.03, Stokes County, North Carolina",384,39,345
15000US371690705032,"Block Group 2, Census Tract 705.03, Stokes County, North Carolina",257,0,257
15000US371690705033,"Block Group 3, Census Tract 705.03, Stokes County, North Carolina",979,53,926
15000US371690705034,"Block Group 4, Census Tract 705.03, Stokes County, North Carolina",840,17,823
15000US371690705041,"Block Group 1, Census Tract 705.04, Stokes County, North Carolina",718,134,584
15000US371690705042,"Block Group 2, Census Tract 705.04, Stokes County, North Carolina",677,105,572
15000US371690706001,"Block Group 1, Census Tract 706, Stokes County, North Carolina",785,89,696
15000US371690706002,"Block Group 2, Census Tract 706, Stokes County, North Carolina",481,46,435
15000US371690706003,"Block Group 3, Census Tract 706, Stokes County, North Carolina",869,135,734
15000US371690707001,"Block Group 1, Census Tract 707, Stokes County, North Carolina",714,88,626
15000US371690707002,"Block Group 2, Census Tract 707, Stokes County, North Carolina",526,96,430
15000US371690707003,"Block Group 3, Census Tract 707, Stokes County, North Carolina",605,77,528
15000US371690707004,"Block Group 4, Census Tract 707, Stokes County, North Carolina",536,61,475
15000US371719301011,"Block Group 1, Census Tract 9301.01, Surry County, North Carolina",549,71,478
15000US371719301012,"Block Group 2, Census Tract 9301.01, Surry County, North Carolina",270,46,224
15000US371719301021,"Block Group 1, Census Tract 9301.02, Surry County, North Carolina",539,71,468
15000US371719301022,"Block Group 2, Census Tract 9301.02, Surry County, North Carolina",637,127,510
15000US371719301023,"Block Group 3, Census Tract 9301.02, Surry County, North Carolina",579,52,527
15000US371719302011,"Block Group 1, Census Tract 9302.01, Surry County, North Carolina",331,106,225
15000US371719302012,"Block Group 2, Census Tract 9302.01, Surry County, North Carolina",588,125,463
15000US371719302013,"Block Group 3, Census Tract 9302.01, Surry County, North Carolina",495,91,404
15000US371719302021,"Block Group 1, Census Tract 9302.02, Surry County, North Carolina",504,89,415
15000US371719302022,"Block Group 2, Census Tract 9302.02, Surry County, North Carolina",525,122,403
15000US371719302023,"Block Group 3, Census Tract 9302.02, Surry County, North Carolina",358,41,317
15000US371719303011,"Block Group 1, Census Tract 9303.01, Surry County, North Carolina",451,42,409
15000US371719303012,"Block Group 2, Census Tract 9303.01, Surry County, North Carolina",496,78,418
15000US371719303021,"Block Group 1, Census Tract 9303.02, Surry County, North Carolina",636,201,435
15000US371719303022,"Block Group 2, Census Tract 9303.02, Surry County, North Carolina",634,80,554
15000US371719303023,"Block Group 3, Census Tract 9303.02, Surry County, North Carolina",380,41,339
15000US371719304001,"Block Group 1, Census Tract 9304, Surry County, North Carolina",594,141,453
15000US371719304002,"Block Group 2, Census Tract 9304, Surry County, North Carolina",434,221,213
15000US371719305011,"Block Group 1, Census Tract 9305.01, Surry County, North Carolina",725,132,593
15000US371719305012,"Block Group 2, Census Tract 9305.01, Surry County, North Carolina",390,14,376
15000US371719305021,"Block Group 1, Census Tract 9305.02, Surry County, North Carolina",311,22,289
15000US371719305022,"Block Group 2, Census Tract 9305.02, Surry County, North Carolina",368,91,277
15000US371719305023,"Block Group 3, Census Tract 9305.02, Surry County, North Carolina",342,148,194
15000US371719305024,"Block Group 4, Census Tract 9305.02, Surry County, North Carolina",378,69,309
15000US371719306001,"Block Group 1, Census Tract 9306, Surry County, North Carolina",599,165,434
15000US371719306002,"Block Group 2, Census Tract 9306, Surry County, North Carolina",408,37,371
15000US371719306003,"Block Group 3, Census Tract 9306, Surry County, North Carolina",331,51,280
15000US371719307001,"Block Group 1, Census Tract 9307, Surry County, North Carolina",367,44,323
15000US371719307002,"Block Group 2, Census Tract 9307, Surry County, North Carolina",381,99,282
15000US371719307003,"Block Group 3, Census Tract 9307, Surry County, North Carolina",552,68,484
15000US371719307004,"Block Group 4, Census Tract 9307, Surry County, North Carolina",368,76,292
15000US371719308011,"Block Group 1, Census Tract 9308.01, Surry County, North Carolina",625,124,501
15000US371719308012,"Block Group 2, Census Tract 9308.01, Surry County, North Carolina",357,20,337
15000US371719308013,"Block Group 3, Census Tract 9308.01, Surry County, North Carolina",740,234,506
15000US371719308014,"Block Group 4, Census Tract 9308.01, Surry County, North Carolina",341,38,303
15000US371719308021,"Block Group 1, Census Tract 9308.02, Surry County, North Carolina",402,57,345
15000US371719308022,"Block Group 2, Census Tract 9308.02, Surry County, North Carolina",360,46,314
15000US371719308023,"Block Group 3, Census Tract 9308.02, Surry County, North Carolina",499,131,368
15000US371719309011,"Block Group 1, Census Tract 9309.01, Surry County, North Carolina",318,79,239
15000US371719309012,"Block Group 2, Census Tract 9309.01, Surry County, North Carolina",352,114,238
15000US371719309013,"Block Group 3, Census Tract 9309.01, Surry County, North Carolina",348,46,302
15000US371719309014,"Block Group 4, Census Tract 9309.01, Surry County, North Carolina",641,113,528
15000US371719309021,"Block Group 1, Census Tract 9309.02, Surry County, North Carolina",756,95,661
15000US371719310011,"Block Group 1, Census Tract 9310.01, Surry County, North Carolina",511,56,455
15000US371719310012,"Block Group 2, Census Tract 9310.01, Surry County, North Carolina",394,23,371
15000US371719310021,"Block Group 1, Census Tract 9310.02, Surry County, North Carolina",522,149,373
15000US371719310022,"Block Group 2, Census Tract 9310.02, Surry County, North Carolina",620,68,552
15000US371719310023,"Block Group 3, Census Tract 9310.02, Surry County, North Carolina",418,28,390
15000US371719310024,"Block Group 4, Census Tract 9310.02, Surry County, North Carolina",344,50,294
15000US371719310031,"Block Group 1, Census Tract 9310.03, Surry County, North Carolina",529,56,473
15000US371719310032,"Block Group 2, Census Tract 9310.03, Surry County, North Carolina",584,101,483
15000US371719311011,"Block Group 1, Census Tract 9311.01, Surry County, North Carolina",681,115,566
15000US371719311012,"Block Group 2, Census Tract 9311.01, Surry County, North Carolina",450,54,396
15000US371719311021,"Block Group 1, Census Tract 9311.02, Surry County, North Carolina",735,53,682
15000US371719311022,"Block Group 2, Census Tract 9311.02, Surry County, North Carolina",754,92,662
15000US371719311031,"Block Group 1, Census Tract 9311.03, Surry County, North Carolina",739,138,601
15000US371719312001,"Block Group 1, Census Tract 9312, Surry County, North Carolina",687,82,605
15000US371719312002,"Block Group 2, Census Tract 9312, Surry County, North Carolina",453,105,348
15000US371719312003,"Block Group 3, Census Tract 9312, Surry County, North Carolina",473,30,443
15000US371739401001,"Block Group 1, Census Tract 9401, Swain County, North Carolina",419,80,339
15000US371739401002,"Block Group 2, Census Tract 9401, Swain County, North Carolina",392,50,342
15000US371739401003,"Block Group 3, Census Tract 9401, Swain County, North Carolina",1026,187,839
15000US371739602001,"Block Group 1, Census Tract 9602, Swain County, North Carolina",358,105,253
15000US371739602002,"Block Group 2, Census Tract 9602, Swain County, North Carolina",436,25,411
15000US371739602003,"Block Group 3, Census Tract 9602, Swain County, North Carolina",525,116,409
15000US371739603011,"Block Group 1, Census Tract 9603.01, Swain County, North Carolina",486,41,445
15000US371739603012,"Block Group 2, Census Tract 9603.01, Swain County, North Carolina",371,45,326
15000US371739603013,"Block Group 3, Census Tract 9603.01, Swain County, North Carolina",431,106,325
15000US371739603021,"Block Group 1, Census Tract 9603.02, Swain County, North Carolina",720,100,620
15000US371739603022,"Block Group 2, Census Tract 9603.02, Swain County, North Carolina",456,106,350
15000US371739802001,"Block Group 1, Census Tract 9802, Swain County, North Carolina",0,0,0
15000US371759601001,"Block Group 1, Census Tract 9601, Transylvania County, North Carolina",586,98,488
15000US371759601002,"Block Group 2, Census Tract 9601, Transylvania County, North Carolina",900,144,756
15000US371759601003,"Block Group 3, Census Tract 9601, Transylvania County, North Carolina",393,53,340
15000US371759602001,"Block Group 1, Census Tract 9602, Transylvania County, North Carolina",373,116,257
15000US371759602002,"Block Group 2, Census Tract 9602, Transylvania County, North Carolina",712,14,698
15000US371759602003,"Block Group 3, Census Tract 9602, Transylvania County, North Carolina",967,255,712
15000US371759603001,"Block Group 1, Census Tract 9603, Transylvania County, North Carolina",356,46,310
15000US371759603002,"Block Group 2, Census Tract 9603, Transylvania County, North Carolina",762,177,585
15000US371759603003,"Block Group 3, Census Tract 9603, Transylvania County, North Carolina",561,86,475
15000US371759603004,"Block Group 4, Census Tract 9603, Transylvania County, North Carolina",456,100,356
15000US371759603005,"Block Group 5, Census Tract 9603, Transylvania County, North Carolina",350,0,350
15000US371759603006,"Block Group 6, Census Tract 9603, Transylvania County, North Carolina",310,17,293
15000US371759603007,"Block Group 7, Census Tract 9603, Transylvania County, North Carolina",595,30,565
15000US371759604011,"Block Group 1, Census Tract 9604.01, Transylvania County, North Carolina",901,57,844
15000US371759604012,"Block Group 2, Census Tract 9604.01, Transylvania County, North Carolina",1022,54,968
15000US371759604021,"Block Group 1, Census Tract 9604.02, Transylvania County, North Carolina",1153,106,1047
15000US371759604022,"Block Group 2, Census Tract 9604.02, Transylvania County, North Carolina",274,15,259
15000US371759604023,"Block Group 3, Census Tract 9604.02, Transylvania County, North Carolina",847,66,781
15000US371759605001,"Block Group 1, Census Tract 9605, Transylvania County, North Carolina",219,58,161
15000US371759605002,"Block Group 2, Census Tract 9605, Transylvania County, North Carolina",697,144,553
15000US371759605003,"Block Group 3, Census Tract 9605, Transylvania County, North Carolina",375,42,333
15000US371759605004,"Block Group 4, Census Tract 9605, Transylvania County, North Carolina",680,37,643
15000US371759606001,"Block Group 1, Census Tract 9606, Transylvania County, North Carolina",274,14,260
15000US371759606002,"Block Group 2, Census Tract 9606, Transylvania County, North Carolina",299,54,245
15000US371759606003,"Block Group 3, Census Tract 9606, Transylvania County, North Carolina",505,91,414
15000US371779601000,"Block Group 0, Census Tract 9601, Tyrrell County, North Carolina",0,0,0
15000US371779601001,"Block Group 1, Census Tract 9601, Tyrrell County, North Carolina",422,86,336
15000US371779601002,"Block Group 2, Census Tract 9601, Tyrrell County, North Carolina",343,142,201
15000US371779601003,"Block Group 3, Census Tract 9601, Tyrrell County, North Carolina",420,58,362
15000US371779601004,"Block Group 4, Census Tract 9601, Tyrrell County, North Carolina",409,56,353
15000US371790201001,"Block Group 1, Census Tract 201, Union County, North Carolina",506,0,506
15000US371790201002,"Block Group 2, Census Tract 201, Union County, North Carolina",850,71,779
15000US371790201003,"Block Group 3, Census Tract 201, Union County, North Carolina",912,56,856
15000US371790202021,"Block Group 1, Census Tract 202.02, Union County, North Carolina",622,0,622
15000US371790202022,"Block Group 2, Census Tract 202.02, Union County, North Carolina",815,78,737
15000US371790202023,"Block Group 3, Census Tract 202.02, Union County, North Carolina",444,128,316
15000US371790202024,"Block Group 4, Census Tract 202.02, Union County, North Carolina",823,35,788
15000US371790202031,"Block Group 1, Census Tract 202.03, Union County, North Carolina",489,28,461
15000US371790202032,"Block Group 2, Census Tract 202.03, Union County, North Carolina",924,16,908
15000US371790202041,"Block Group 1, Census Tract 202.04, Union County, North Carolina",526,73,453
15000US371790202042,"Block Group 2, Census Tract 202.04, Union County, North Carolina",489,27,462
15000US371790202043,"Block Group 3, Census Tract 202.04, Union County, North Carolina",532,47,485
15000US371790203051,"Block Group 1, Census Tract 203.05, Union County, North Carolina",772,58,714
15000US371790203052,"Block Group 2, Census Tract 203.05, Union County, North Carolina",1442,45,1397
15000US371790203061,"Block Group 1, Census Tract 203.06, Union County, North Carolina",859,33,826
15000US371790203062,"Block Group 2, Census Tract 203.06, Union County, North Carolina",376,153,223
15000US371790203063,"Block Group 3, Census Tract 203.06, Union County, North Carolina",1267,193,1074
15000US371790203071,"Block Group 1, Census Tract 203.07, Union County, North Carolina",809,64,745
15000US371790203072,"Block Group 2, Census Tract 203.07, Union County, North Carolina",1072,63,1009
15000US371790203073,"Block Group 3, Census Tract 203.07, Union County, North Carolina",499,19,480
15000US371790203081,"Block Group 1, Census Tract 203.08, Union County, North Carolina",382,30,352
15000US371790203082,"Block Group 2, Census Tract 203.08, Union County, North Carolina",1045,29,1016
15000US371790203083,"Block Group 3, Census Tract 203.08, Union County, North Carolina",536,27,509
15000US371790203091,"Block Group 1, Census Tract 203.09, Union County, North Carolina",799,53,746
15000US371790203101,"Block Group 1, Census Tract 203.10, Union County, North Carolina",626,13,613
15000US371790203102,"Block Group 2, Census Tract 203.10, Union County, North Carolina",562,22,540
15000US371790203103,"Block Group 3, Census Tract 203.10, Union County, North Carolina",851,31,820
15000US371790203111,"Block Group 1, Census Tract 203.11, Union County, North Carolina",471,69,402
15000US371790203112,"Block Group 2, Census Tract 203.11, Union County, North Carolina",1217,59,1158
15000US371790203113,"Block Group 3, Census Tract 203.11, Union County, North Carolina",1045,70,975
15000US371790203121,"Block Group 1, Census Tract 203.12, Union County, North Carolina",857,84,773
15000US371790203122,"Block Group 2, Census Tract 203.12, Union County, North Carolina",850,63,787
15000US371790203131,"Block Group 1, Census Tract 203.13, Union County, North Carolina",807,109,698
15000US371790203141,"Block Group 1, Census Tract 203.14, Union County, North Carolina",1187,25,1162
15000US371790203142,"Block Group 2, Census Tract 203.14, Union County, North Carolina",662,21,641
15000US371790203151,"Block Group 1, Census Tract 203.15, Union County, North Carolina",859,19,840
15000US371790203152,"Block Group 2, Census Tract 203.15, Union County, North Carolina",798,43,755
15000US371790203161,"Block Group 1, Census Tract 203.16, Union County, North Carolina",781,40,741
15000US371790203162,"Block Group 2, Census Tract 203.16, Union County, North Carolina",910,50,860
15000US371790203171,"Block Group 1, Census Tract 203.17, Union County, North Carolina",552,8,544
15000US371790203172,"Block Group 2, Census Tract 203.17, Union County, North Carolina",731,37,694
15000US371790203173,"Block Group 3, Census Tract 203.17, Union County, North Carolina",722,29,693
15000US371790204011,"Block Group 1, Census Tract 204.01, Union County, North Carolina",1241,33,1208
15000US371790204012,"Block Group 2, Census Tract 204.01, Union County, North Carolina",882,130,752
15000US371790204031,"Block Group 1, Census Tract 204.03, Union County, North Carolina",561,52,509
15000US371790204032,"Block Group 2, Census Tract 204.03, Union County, North Carolina",612,42,570
15000US371790204033,"Block Group 3, Census Tract 204.03, Union County, North Carolina",492,114,378
15000US371790204041,"Block Group 1, Census Tract 204.04, Union County, North Carolina",793,97,696
15000US371790204042,"Block Group 2, Census Tract 204.04, Union County, North Carolina",647,94,553
15000US371790204043,"Block Group 3, Census Tract 204.04, Union County, North Carolina",158,90,68
15000US371790204044,"Block Group 4, Census Tract 204.04, Union County, North Carolina",642,228,414
15000US371790205011,"Block Group 1, Census Tract 205.01, Union County, North Carolina",1208,47,1161
15000US371790205012,"Block Group 2, Census Tract 205.01, Union County, North Carolina",224,61,163
15000US371790205013,"Block Group 3, Census Tract 205.01, Union County, North Carolina",465,58,407
15000US371790205021,"Block Group 1, Census Tract 205.02, Union County, North Carolina",516,97,419
15000US371790205022,"Block Group 2, Census Tract 205.02, Union County, North Carolina",890,111,779
15000US371790206011,"Block Group 1, Census Tract 206.01, Union County, North Carolina",911,140,771
15000US371790206012,"Block Group 2, Census Tract 206.01, Union County, North Carolina",389,85,304
15000US371790206013,"Block Group 3, Census Tract 206.01, Union County, North Carolina",243,51,192
15000US371790206021,"Block Group 1, Census Tract 206.02, Union County, North Carolina",890,87,803
15000US371790206022,"Block Group 2, Census Tract 206.02, Union County, North Carolina",629,219,410
15000US371790207011,"Block Group 1, Census Tract 207.01, Union County, North Carolina",606,139,467
15000US371790207012,"Block Group 2, Census Tract 207.01, Union County, North Carolina",918,240,678
15000US371790207021,"Block Group 1, Census Tract 207.02, Union County, North Carolina",690,138,552
15000US371790207022,"Block Group 2, Census Tract 207.02, Union County, North Carolina",726,78,648
15000US371790208001,"Block Group 1, Census Tract 208, Union County, North Carolina",275,0,275
15000US371790208002,"Block Group 2, Census Tract 208, Union County, North Carolina",393,25,368
15000US371790208003,"Block Group 3, Census Tract 208, Union County, North Carolina",404,86,318
15000US371790208004,"Block Group 4, Census Tract 208, Union County, North Carolina",590,64,526
15000US371790208005,"Block Group 5, Census Tract 208, Union County, North Carolina",330,10,320
15000US371790209011,"Block Group 1, Census Tract 209.01, Union County, North Carolina",829,66,763
15000US371790209012,"Block Group 2, Census Tract 209.01, Union County, North Carolina",497,89,408
15000US371790209013,"Block Group 3, Census Tract 209.01, Union County, North Carolina",665,20,645
15000US371790209021,"Block Group 1, Census Tract 209.02, Union County, North Carolina",849,146,703
15000US371790209022,"Block Group 2, Census Tract 209.02, Union County, North Carolina",785,16,769
15000US371790209023,"Block Group 3, Census Tract 209.02, Union County, North Carolina",775,117,658
15000US371790210041,"Block Group 1, Census Tract 210.04, Union County, North Carolina",1516,60,1456
15000US371790210042,"Block Group 2, Census Tract 210.04, Union County, North Carolina",569,44,525
15000US371790210051,"Block Group 1, Census Tract 210.05, Union County, North Carolina",689,117,572
15000US371790210052,"Block Group 2, Census Tract 210.05, Union County, North Carolina",599,26,573
15000US371790210053,"Block Group 3, Census Tract 210.05, Union County, North Carolina",519,60,459
15000US371790210061,"Block Group 1, Census Tract 210.06, Union County, North Carolina",926,44,882
15000US371790210062,"Block Group 2, Census Tract 210.06, Union County, North Carolina",782,5,777
15000US371790210071,"Block Group 1, Census Tract 210.07, Union County, North Carolina",1274,33,1241
15000US371790210072,"Block Group 2, Census Tract 210.07, Union County, North Carolina",684,23,661
15000US371790210081,"Block Group 1, Census Tract 210.08, Union County, North Carolina",980,0,980
15000US371790210082,"Block Group 2, Census Tract 210.08, Union County, North Carolina",815,14,801
15000US371790210083,"Block Group 3, Census Tract 210.08, Union County, North Carolina",1095,38,1057
15000US371790210091,"Block Group 1, Census Tract 210.09, Union County, North Carolina",1052,12,1040
15000US371790210101,"Block Group 1, Census Tract 210.10, Union County, North Carolina",949,15,934
15000US371790210102,"Block Group 2, Census Tract 210.10, Union County, North Carolina",1172,15,1157
15000US371790210103,"Block Group 3, Census Tract 210.10, Union County, North Carolina",362,0,362
15000US371790210111,"Block Group 1, Census Tract 210.11, Union County, North Carolina",647,28,619
15000US371790210112,"Block Group 2, Census Tract 210.11, Union County, North Carolina",600,0,600
15000US371790210113,"Block Group 3, Census Tract 210.11, Union County, North Carolina",826,9,817
15000US371790210121,"Block Group 1, Census Tract 210.12, Union County, North Carolina",591,22,569
15000US371790210122,"Block Group 2, Census Tract 210.12, Union County, North Carolina",986,34,952
15000US371790210131,"Block Group 1, Census Tract 210.13, Union County, North Carolina",1152,33,1119
15000US371790210132,"Block Group 2, Census Tract 210.13, Union County, North Carolina",860,35,825
15000US371790210141,"Block Group 1, Census Tract 210.14, Union County, North Carolina",674,49,625
15000US371790210142,"Block Group 2, Census Tract 210.14, Union County, North Carolina",304,14,290
15000US371790210151,"Block Group 1, Census Tract 210.15, Union County, North Carolina",855,77,778
15000US371790210152,"Block Group 2, Census Tract 210.15, Union County, North Carolina",865,46,819
15000US371819601001,"Block Group 1, Census Tract 9601, Vance County, North Carolina",580,50,530
15000US371819601002,"Block Group 2, Census Tract 9601, Vance County, North Carolina",556,57,499
15000US371819601003,"Block Group 3, Census Tract 9601, Vance County, North Carolina",488,127,361
15000US371819602001,"Block Group 1, Census Tract 9602, Vance County, North Carolina",773,88,685
15000US371819602002,"Block Group 2, Census Tract 9602, Vance County, North Carolina",393,109,284
15000US371819602003,"Block Group 3, Census Tract 9602, Vance County, North Carolina",477,86,391
15000US371819603001,"Block Group 1, Census Tract 9603, Vance County, North Carolina",831,123,708
15000US371819603002,"Block Group 2, Census Tract 9603, Vance County, North Carolina",389,112,277
15000US371819603003,"Block Group 3, Census Tract 9603, Vance County, North Carolina",750,103,647
15000US371819604001,"Block Group 1, Census Tract 9604, Vance County, North Carolina",737,125,612
15000US371819604002,"Block Group 2, Census Tract 9604, Vance County, North Carolina",391,18,373
15000US371819604003,"Block Group 3, Census Tract 9604, Vance County, North Carolina",530,47,483
15000US371819605001,"Block Group 1, Census Tract 9605, Vance County, North Carolina",724,79,645
15000US371819605002,"Block Group 2, Census Tract 9605, Vance County, North Carolina",619,293,326
15000US371819605003,"Block Group 3, Census Tract 9605, Vance County, North Carolina",136,7,129
15000US371819605004,"Block Group 4, Census Tract 9605, Vance County, North Carolina",245,49,196
15000US371819605005,"Block Group 5, Census Tract 9605, Vance County, North Carolina",109,43,66
15000US371819606001,"Block Group 1, Census Tract 9606, Vance County, North Carolina",546,202,344
15000US371819607001,"Block Group 1, Census Tract 9607, Vance County, North Carolina",229,76,153
15000US371819607002,"Block Group 2, Census Tract 9607, Vance County, North Carolina",573,249,324
15000US371819607003,"Block Group 3, Census Tract 9607, Vance County, North Carolina",173,31,142
15000US371819607004,"Block Group 4, Census Tract 9607, Vance County, North Carolina",273,80,193
15000US371819607005,"Block Group 5, Census Tract 9607, Vance County, North Carolina",252,135,117
15000US371819608001,"Block Group 1, Census Tract 9608, Vance County, North Carolina",274,90,184
15000US371819608002,"Block Group 2, Census Tract 9608, Vance County, North Carolina",356,133,223
15000US371819608003,"Block Group 3, Census Tract 9608, Vance County, North Carolina",186,43,143
15000US371819609001,"Block Group 1, Census Tract 9609, Vance County, North Carolina",908,45,863
15000US371819609002,"Block Group 2, Census Tract 9609, Vance County, North Carolina",771,60,711
15000US371819609003,"Block Group 3, Census Tract 9609, Vance County, North Carolina",569,58,511
15000US371819609004,"Block Group 4, Census Tract 9609, Vance County, North Carolina",791,75,716
15000US371819610001,"Block Group 1, Census Tract 9610, Vance County, North Carolina",673,198,475
15000US371819610002,"Block Group 2, Census Tract 9610, Vance County, North Carolina",706,126,580
15000US371819610003,"Block Group 3, Census Tract 9610, Vance County, North Carolina",867,143,724
15000US371830501001,"Block Group 1, Census Tract 501, Wake County, North Carolina",2041,145,1896
15000US371830503001,"Block Group 1, Census Tract 503, Wake County, North Carolina",982,121,861
15000US371830503002,"Block Group 2, Census Tract 503, Wake County, North Carolina",1308,218,1090
15000US371830504001,"Block Group 1, Census Tract 504, Wake County, North Carolina",501,21,480
15000US371830504002,"Block Group 2, Census Tract 504, Wake County, North Carolina",332,49,283
15000US371830505001,"Block Group 1, Census Tract 505, Wake County, North Carolina",631,73,558
15000US371830505002,"Block Group 2, Census Tract 505, Wake County, North Carolina",808,103,705
15000US371830505003,"Block Group 3, Census Tract 505, Wake County, North Carolina",339,39,300
15000US371830506001,"Block Group 1, Census Tract 506, Wake County, North Carolina",105,55,50
15000US371830506002,"Block Group 2, Census Tract 506, Wake County, North Carolina",452,194,258
15000US371830506003,"Block Group 3, Census Tract 506, Wake County, North Carolina",483,98,385
15000US371830507001,"Block Group 1, Census Tract 507, Wake County, North Carolina",581,140,441
15000US371830507002,"Block Group 2, Census Tract 507, Wake County, North Carolina",348,104,244
15000US371830507003,"Block Group 3, Census Tract 507, Wake County, North Carolina",555,14,541
15000US371830508001,"Block Group 1, Census Tract 508, Wake County, North Carolina",470,146,324
15000US371830508002,"Block Group 2, Census Tract 508, Wake County, North Carolina",314,115,199
15000US371830508003,"Block Group 3, Census Tract 508, Wake County, North Carolina",138,45,93
15000US371830509001,"Block Group 1, Census Tract 509, Wake County, North Carolina",285,68,217
15000US371830509002,"Block Group 2, Census Tract 509, Wake County, North Carolina",381,100,281
15000US371830509003,"Block Group 3, Census Tract 509, Wake County, North Carolina",243,81,162
15000US371830510001,"Block Group 1, Census Tract 510, Wake County, North Carolina",1040,183,857
15000US371830510002,"Block Group 2, Census Tract 510, Wake County, North Carolina",490,70,420
15000US371830511011,"Block Group 1, Census Tract 511.01, Wake County, North Carolina",0,0,0
15000US371830511012,"Block Group 2, Census Tract 511.01, Wake County, North Carolina",492,136,356
15000US371830511013,"Block Group 3, Census Tract 511.01, Wake County, North Carolina",0,0,0
15000US371830511021,"Block Group 1, Census Tract 511.02, Wake County, North Carolina",0,0,0
15000US371830511022,"Block Group 2, Census Tract 511.02, Wake County, North Carolina",0,0,0
15000US371830511023,"Block Group 3, Census Tract 511.02, Wake County, North Carolina",80,32,48
15000US371830512001,"Block Group 1, Census Tract 512, Wake County, North Carolina",878,116,762
15000US371830512002,"Block Group 2, Census Tract 512, Wake County, North Carolina",772,74,698
15000US371830512003,"Block Group 3, Census Tract 512, Wake County, North Carolina",747,162,585
15000US371830514001,"Block Group 1, Census Tract 514, Wake County, North Carolina",323,33,290
15000US371830514002,"Block Group 2, Census Tract 514, Wake County, North Carolina",321,59,262
15000US371830514003,"Block Group 3, Census Tract 514, Wake County, North Carolina",511,18,493
15000US371830514004,"Block Group 4, Census Tract 514, Wake County, North Carolina",368,134,234
15000US371830514005,"Block Group 5, Census Tract 514, Wake County, North Carolina",509,62,447
15000US371830515011,"Block Group 1, Census Tract 515.01, Wake County, North Carolina",713,24,689
15000US371830515012,"Block Group 2, Census Tract 515.01, Wake County, North Carolina",778,0,778
15000US371830515021,"Block Group 1, Census Tract 515.02, Wake County, North Carolina",238,0,238
15000US371830515022,"Block Group 2, Census Tract 515.02, Wake County, North Carolina",658,11,647
15000US371830516001,"Block Group 1, Census Tract 516, Wake County, North Carolina",508,0,508
15000US371830516002,"Block Group 2, Census Tract 516, Wake County, North Carolina",448,38,410
15000US371830516003,"Block Group 3, Census Tract 516, Wake County, North Carolina",509,25,484
15000US371830516004,"Block Group 4, Census Tract 516, Wake County, North Carolina",261,11,250
15000US371830516005,"Block Group 5, Census Tract 516, Wake County, North Carolina",306,0,306
15000US371830517001,"Block Group 1, Census Tract 517, Wake County, North Carolina",329,7,322
15000US371830517002,"Block Group 2, Census Tract 517, Wake County, North Carolina",536,0,536
15000US371830517003,"Block Group 3, Census Tract 517, Wake County, North Carolina",381,11,370
15000US371830518001,"Block Group 1, Census Tract 518, Wake County, North Carolina",650,18,632
15000US371830518002,"Block Group 2, Census Tract 518, Wake County, North Carolina",696,0,696
15000US371830518003,"Block Group 3, Census Tract 518, Wake County, North Carolina",806,67,739
15000US371830519001,"Block Group 1, Census Tract 519, Wake County, North Carolina",655,16,639
15000US371830519002,"Block Group 2, Census Tract 519, Wake County, North Carolina",868,119,749
15000US371830519003,"Block Group 3, Census Tract 519, Wake County, North Carolina",418,99,319
15000US371830520011,"Block Group 1, Census Tract 520.01, Wake County, North Carolina",991,239,752
15000US371830520012,"Block Group 2, Census Tract 520.01, Wake County, North Carolina",576,228,348
15000US371830520021,"Block Group 1, Census Tract 520.02, Wake County, North Carolina",504,48,456
15000US371830520022,"Block Group 2, Census Tract 520.02, Wake County, North Carolina",665,176,489
15000US371830520023,"Block Group 3, Census Tract 520.02, Wake County, North Carolina",306,94,212
15000US371830520024,"Block Group 4, Census Tract 520.02, Wake County, North Carolina",373,104,269
15000US371830521011,"Block Group 1, Census Tract 521.01, Wake County, North Carolina",1642,162,1480
15000US371830521012,"Block Group 2, Census Tract 521.01, Wake County, North Carolina",600,42,558
15000US371830521013,"Block Group 3, Census Tract 521.01, Wake County, North Carolina",482,283,199
15000US371830521014,"Block Group 4, Census Tract 521.01, Wake County, North Carolina",407,85,322
15000US371830521021,"Block Group 1, Census Tract 521.02, Wake County, North Carolina",1554,289,1265
15000US371830521022,"Block Group 2, Census Tract 521.02, Wake County, North Carolina",584,87,497
15000US371830523011,"Block Group 1, Census Tract 523.01, Wake County, North Carolina",785,85,700
15000US371830523012,"Block Group 2, Census Tract 523.01, Wake County, North Carolina",1071,283,788
15000US371830523013,"Block Group 3, Census Tract 523.01, Wake County, North Carolina",1055,418,637
15000US371830523021,"Block Group 1, Census Tract 523.02, Wake County, North Carolina",926,174,752
15000US371830523022,"Block Group 2, Census Tract 523.02, Wake County, North Carolina",987,306,681
15000US371830523023,"Block Group 3, Census Tract 523.02, Wake County, North Carolina",1466,530,936
15000US371830524011,"Block Group 1, Census Tract 524.01, Wake County, North Carolina",2414,187,2227
15000US371830524012,"Block Group 2, Census Tract 524.01, Wake County, North Carolina",0,0,0
15000US371830524041,"Block Group 1, Census Tract 524.04, Wake County, North Carolina",812,94,718
15000US371830524042,"Block Group 2, Census Tract 524.04, Wake County, North Carolina",519,222,297
15000US371830524043,"Block Group 3, Census Tract 524.04, Wake County, North Carolina",300,25,275
15000US371830524061,"Block Group 1, Census Tract 524.06, Wake County, North Carolina",737,58,679
15000US371830524062,"Block Group 2, Census Tract 524.06, Wake County, North Carolina",955,181,774
15000US371830524063,"Block Group 3, Census Tract 524.06, Wake County, North Carolina",1506,55,1451
15000US371830524071,"Block Group 1, Census Tract 524.07, Wake County, North Carolina",982,186,796
15000US371830524072,"Block Group 2, Census Tract 524.07, Wake County, North Carolina",922,90,832
15000US371830524081,"Block Group 1, Census Tract 524.08, Wake County, North Carolina",427,162,265
15000US371830524082,"Block Group 2, Census Tract 524.08, Wake County, North Carolina",729,245,484
15000US371830524091,"Block Group 1, Census Tract 524.09, Wake County, North Carolina",262,84,178
15000US371830524092,"Block Group 2, Census Tract 524.09, Wake County, North Carolina",232,149,83
15000US371830524093,"Block Group 3, Census Tract 524.09, Wake County, North Carolina",707,234,473
15000US371830525031,"Block Group 1, Census Tract 525.03, Wake County, North Carolina",931,99,832
15000US371830525032,"Block Group 2, Census Tract 525.03, Wake County, North Carolina",1566,108,1458
15000US371830525033,"Block Group 3, Census Tract 525.03, Wake County, North Carolina",782,55,727
15000US371830525041,"Block Group 1, Census Tract 525.04, Wake County, North Carolina",886,61,825
15000US371830525042,"Block Group 2, Census Tract 525.04, Wake County, North Carolina",576,0,576
15000US371830525043,"Block Group 3, Census Tract 525.04, Wake County, North Carolina",1698,182,1516
15000US371830525051,"Block Group 1, Census Tract 525.05, Wake County, North Carolina",1350,124,1226
15000US371830525052,"Block Group 2, Census Tract 525.05, Wake County, North Carolina",938,71,867
15000US371830525061,"Block Group 1, Census Tract 525.06, Wake County, North Carolina",777,21,756
15000US371830525062,"Block Group 2, Census Tract 525.06, Wake County, North Carolina",518,68,450
15000US371830525071,"Block Group 1, Census Tract 525.07, Wake County, North Carolina",420,37,383
15000US371830525072,"Block Group 2, Census Tract 525.07, Wake County, North Carolina",856,120,736
15000US371830526011,"Block Group 1, Census Tract 526.01, Wake County, North Carolina",765,22,743
15000US371830526012,"Block Group 2, Census Tract 526.01, Wake County, North Carolina",470,0,470
15000US371830526021,"Block Group 1, Census Tract 526.02, Wake County, North Carolina",735,25,710
15000US371830526022,"Block Group 2, Census Tract 526.02, Wake County, North Carolina",798,13,785
15000US371830526023,"Block Group 3, Census Tract 526.02, Wake County, North Carolina",730,132,598
15000US371830526031,"Block Group 1, Census Tract 526.03, Wake County, North Carolina",875,23,852
15000US371830526032,"Block Group 2, Census Tract 526.03, Wake County, North Carolina",468,18,450
15000US371830527011,"Block Group 1, Census Tract 527.01, Wake County, North Carolina",986,97,889
15000US371830527012,"Block Group 2, Census Tract 527.01, Wake County, North Carolina",784,69,715
15000US371830527013,"Block Group 3, Census Tract 527.01, Wake County, North Carolina",738,96,642
15000US371830527041,"Block Group 1, Census Tract 527.04, Wake County, North Carolina",1057,356,701
15000US371830527042,"Block Group 2, Census Tract 527.04, Wake County, North Carolina",730,95,635
15000US371830527043,"Block Group 3, Census Tract 527.04, Wake County, North Carolina",665,57,608
15000US371830527051,"Block Group 1, Census Tract 527.05, Wake County, North Carolina",773,170,603
15000US371830527052,"Block Group 2, Census Tract 527.05, Wake County, North Carolina",1288,141,1147
15000US371830527061,"Block Group 1, Census Tract 527.06, Wake County, North Carolina",723,30,693
15000US371830527062,"Block Group 2, Census Tract 527.06, Wake County, North Carolina",602,29,573
15000US371830527063,"Block Group 3, Census Tract 527.06, Wake County, North Carolina",419,9,410
15000US371830527071,"Block Group 1, Census Tract 527.07, Wake County, North Carolina",618,66,552
15000US371830527072,"Block Group 2, Census Tract 527.07, Wake County, North Carolina",753,90,663
15000US371830527073,"Block Group 3, Census Tract 527.07, Wake County, North Carolina",1281,129,1152
15000US371830528011,"Block Group 1, Census Tract 528.01, Wake County, North Carolina",382,0,382
15000US371830528012,"Block Group 2, Census Tract 528.01, Wake County, North Carolina",613,0,613
15000US371830528013,"Block Group 3, Census Tract 528.01, Wake County, North Carolina",948,22,926
15000US371830528014,"Block Group 4, Census Tract 528.01, Wake County, North Carolina",220,0,220
15000US371830528015,"Block Group 5, Census Tract 528.01, Wake County, North Carolina",328,93,235
15000US371830528021,"Block Group 1, Census Tract 528.02, Wake County, North Carolina",629,50,579
15000US371830528022,"Block Group 2, Census Tract 528.02, Wake County, North Carolina",710,183,527
15000US371830528023,"Block Group 3, Census Tract 528.02, Wake County, North Carolina",624,92,532
15000US371830528024,"Block Group 4, Census Tract 528.02, Wake County, North Carolina",553,15,538
15000US371830528031,"Block Group 1, Census Tract 528.03, Wake County, North Carolina",1245,193,1052
15000US371830528032,"Block Group 2, Census Tract 528.03, Wake County, North Carolina",612,146,466
15000US371830528033,"Block Group 3, Census Tract 528.03, Wake County, North Carolina",2049,362,1687
15000US371830528061,"Block Group 1, Census Tract 528.06, Wake County, North Carolina",397,52,345
15000US371830528062,"Block Group 2, Census Tract 528.06, Wake County, North Carolina",1619,252,1367
15000US371830528063,"Block Group 3, Census Tract 528.06, Wake County, North Carolina",772,151,621
15000US371830528064,"Block Group 4, Census Tract 528.06, Wake County, North Carolina",3047,477,2570
15000US371830528071,"Block Group 1, Census Tract 528.07, Wake County, North Carolina",724,0,724
15000US371830528072,"Block Group 2, Census Tract 528.07, Wake County, North Carolina",1395,50,1345
15000US371830528081,"Block Group 1, Census Tract 528.08, Wake County, North Carolina",825,69,756
15000US371830528082,"Block Group 2, Census Tract 528.08, Wake County, North Carolina",1292,85,1207
15000US371830528083,"Block Group 3, Census Tract 528.08, Wake County, North Carolina",765,46,719
15000US371830528084,"Block Group 4, Census Tract 528.08, Wake County, North Carolina",1538,212,1326
15000US371830528091,"Block Group 1, Census Tract 528.09, Wake County, North Carolina",374,36,338
15000US371830528092,"Block Group 2, Census Tract 528.09, Wake County, North Carolina",612,63,549
15000US371830529011,"Block Group 1, Census Tract 529.01, Wake County, North Carolina",944,13,931
15000US371830529021,"Block Group 1, Census Tract 529.02, Wake County, North Carolina",1392,24,1368
15000US371830529022,"Block Group 2, Census Tract 529.02, Wake County, North Carolina",804,44,760
15000US371830529031,"Block Group 1, Census Tract 529.03, Wake County, North Carolina",1106,9,1097
15000US371830529041,"Block Group 1, Census Tract 529.04, Wake County, North Carolina",1204,83,1121
15000US371830529042,"Block Group 2, Census Tract 529.04, Wake County, North Carolina",918,63,855
15000US371830529043,"Block Group 3, Census Tract 529.04, Wake County, North Carolina",774,107,667
15000US371830530031,"Block Group 1, Census Tract 530.03, Wake County, North Carolina",2289,132,2157
15000US371830530032,"Block Group 2, Census Tract 530.03, Wake County, North Carolina",430,0,430
15000US371830530041,"Block Group 1, Census Tract 530.04, Wake County, North Carolina",654,14,640
15000US371830530042,"Block Group 2, Census Tract 530.04, Wake County, North Carolina",621,28,593
15000US371830530051,"Block Group 1, Census Tract 530.05, Wake County, North Carolina",275,16,259
15000US371830530052,"Block Group 2, Census Tract 530.05, Wake County, North Carolina",716,28,688
15000US371830530053,"Block Group 3, Census Tract 530.05, Wake County, North Carolina",753,9,744
15000US371830530061,"Block Group 1, Census Tract 530.06, Wake County, North Carolina",1073,13,1060
15000US371830530071,"Block Group 1, Census Tract 530.07, Wake County, North Carolina",408,11,397
15000US371830530072,"Block Group 2, Census Tract 530.07, Wake County, North Carolina",693,16,677
15000US371830530081,"Block Group 1, Census Tract 530.08, Wake County, North Carolina",2086,52,2034
15000US371830530082,"Block Group 2, Census Tract 530.08, Wake County, North Carolina",763,48,715
15000US371830530083,"Block Group 3, Census Tract 530.08, Wake County, North Carolina",575,55,520
15000US371830530084,"Block Group 4, Census Tract 530.08, Wake County, North Carolina",255,0,255
15000US371830530091,"Block Group 1, Census Tract 530.09, Wake County, North Carolina",713,141,572
15000US371830530092,"Block Group 2, Census Tract 530.09, Wake County, North Carolina",1329,44,1285
15000US371830530093,"Block Group 3, Census Tract 530.09, Wake County, North Carolina",402,0,402
15000US371830530094,"Block Group 4, Census Tract 530.09, Wake County, North Carolina",444,116,328
15000US371830531051,"Block Group 1, Census Tract 531.05, Wake County, North Carolina",1597,88,1509
15000US371830531061,"Block Group 1, Census Tract 531.06, Wake County, North Carolina",1352,192,1160
15000US371830531071,"Block Group 1, Census Tract 531.07, Wake County, North Carolina",1060,13,1047
15000US371830531072,"Block Group 2, Census Tract 531.07, Wake County, North Carolina",1028,200,828
15000US371830531073,"Block Group 3, Census Tract 531.07, Wake County, North Carolina",1618,149,1469
15000US371830531081,"Block Group 1, Census Tract 531.08, Wake County, North Carolina",879,104,775
15000US371830531082,"Block Group 2, Census Tract 531.08, Wake County, North Carolina",1998,93,1905
15000US371830531091,"Block Group 1, Census Tract 531.09, Wake County, North Carolina",2471,177,2294
15000US371830531092,"Block Group 2, Census Tract 531.09, Wake County, North Carolina",660,109,551
15000US371830531101,"Block Group 1, Census Tract 531.10, Wake County, North Carolina",858,30,828
15000US371830531102,"Block Group 2, Census Tract 531.10, Wake County, North Carolina",626,75,551
15000US371830531103,"Block Group 3, Census Tract 531.10, Wake County, North Carolina",457,47,410
15000US371830531111,"Block Group 1, Census Tract 531.11, Wake County, North Carolina",747,42,705
15000US371830531112,"Block Group 2, Census Tract 531.11, Wake County, North Carolina",954,118,836
15000US371830531113,"Block Group 3, Census Tract 531.11, Wake County, North Carolina",579,39,540
15000US371830532011,"Block Group 1, Census Tract 532.01, Wake County, North Carolina",2351,17,2334
15000US371830532012,"Block Group 2, Census Tract 532.01, Wake County, North Carolina",1571,61,1510
15000US371830532021,"Block Group 1, Census Tract 532.02, Wake County, North Carolina",686,9,677
15000US371830532022,"Block Group 2, Census Tract 532.02, Wake County, North Carolina",708,25,683
15000US371830532031,"Block Group 1, Census Tract 532.03, Wake County, North Carolina",1788,61,1727
15000US371830532032,"Block Group 2, Census Tract 532.03, Wake County, North Carolina",1091,0,1091
15000US371830532041,"Block Group 1, Census Tract 532.04, Wake County, North Carolina",1069,94,975
15000US371830532042,"Block Group 2, Census Tract 532.04, Wake County, North Carolina",786,61,725
15000US371830532051,"Block Group 1, Census Tract 532.05, Wake County, North Carolina",1600,108,1492
15000US371830532061,"Block Group 1, Census Tract 532.06, Wake County, North Carolina",1657,54,1603
15000US371830532071,"Block Group 1, Census Tract 532.07, Wake County, North Carolina",891,46,845
15000US371830532072,"Block Group 2, Census Tract 532.07, Wake County, North Carolina",2482,54,2428
15000US371830534051,"Block Group 1, Census Tract 534.05, Wake County, North Carolina",364,9,355
15000US371830534052,"Block Group 2, Census Tract 534.05, Wake County, North Carolina",1003,23,980
15000US371830534053,"Block Group 3, Census Tract 534.05, Wake County, North Carolina",608,53,555
15000US371830534081,"Block Group 1, Census Tract 534.08, Wake County, North Carolina",926,52,874
15000US371830534082,"Block Group 2, Census Tract 534.08, Wake County, North Carolina",455,8,447
15000US371830534091,"Block Group 1, Census Tract 534.09, Wake County, North Carolina",529,0,529
15000US371830534092,"Block Group 2, Census Tract 534.09, Wake County, North Carolina",903,12,891
15000US371830534093,"Block Group 3, Census Tract 534.09, Wake County, North Carolina",751,30,721
15000US371830534101,"Block Group 1, Census Tract 534.10, Wake County, North Carolina",2028,115,1913
15000US371830534111,"Block Group 1, Census Tract 534.11, Wake County, North Carolina",2209,64,2145
15000US371830534112,"Block Group 2, Census Tract 534.11, Wake County, North Carolina",1536,73,1463
15000US371830534121,"Block Group 1, Census Tract 534.12, Wake County, North Carolina",1387,51,1336
15000US371830534122,"Block Group 2, Census Tract 534.12, Wake County, North Carolina",367,0,367
15000US371830534123,"Block Group 3, Census Tract 534.12, Wake County, North Carolina",725,7,718
15000US371830534131,"Block Group 1, Census Tract 534.13, Wake County, North Carolina",2116,94,2022
15000US371830534132,"Block Group 2, Census Tract 534.13, Wake County, North Carolina",555,35,520
15000US371830534141,"Block Group 1, Census Tract 534.14, Wake County, North Carolina",1670,31,1639
15000US371830534142,"Block Group 2, Census Tract 534.14, Wake County, North Carolina",1613,177,1436
15000US371830534151,"Block Group 1, Census Tract 534.15, Wake County, North Carolina",1310,99,1211
15000US371830534161,"Block Group 1, Census Tract 534.16, Wake County, North Carolina",1150,65,1085
15000US371830534162,"Block Group 2, Census Tract 534.16, Wake County, North Carolina",1364,0,1364
15000US371830534163,"Block Group 3, Census Tract 534.16, Wake County, North Carolina",272,24,248
15000US371830534171,"Block Group 1, Census Tract 534.17, Wake County, North Carolina",1808,213,1595
15000US371830534181,"Block Group 1, Census Tract 534.18, Wake County, North Carolina",1264,16,1248
15000US371830534182,"Block Group 2, Census Tract 534.18, Wake County, North Carolina",685,56,629
15000US371830534183,"Block Group 3, Census Tract 534.18, Wake County, North Carolina",788,0,788
15000US371830534191,"Block Group 1, Census Tract 534.19, Wake County, North Carolina",258,5,253
15000US371830534192,"Block Group 2, Census Tract 534.19, Wake County, North Carolina",845,21,824
15000US371830534201,"Block Group 1, Census Tract 534.20, Wake County, North Carolina",943,43,900
15000US371830534202,"Block Group 2, Census Tract 534.20, Wake County, North Carolina",1764,145,1619
15000US371830534211,"Block Group 1, Census Tract 534.21, Wake County, North Carolina",1900,61,1839
15000US371830534221,"Block Group 1, Census Tract 534.22, Wake County, North Carolina",678,7,671
15000US371830534222,"Block Group 2, Census Tract 534.22, Wake County, North Carolina",204,8,196
15000US371830534231,"Block Group 1, Census Tract 534.23, Wake County, North Carolina",587,36,551
15000US371830534232,"Block Group 2, Census Tract 534.23, Wake County, North Carolina",311,14,297
15000US371830534241,"Block Group 1, Census Tract 534.24, Wake County, North Carolina",958,49,909
15000US371830534242,"Block Group 2, Census Tract 534.24, Wake County, North Carolina",609,26,583
15000US371830534251,"Block Group 1, Census Tract 534.25, Wake County, North Carolina",755,3,752
15000US371830534252,"Block Group 2, Census Tract 534.25, Wake County, North Carolina",372,36,336
15000US371830535051,"Block Group 1, Census Tract 535.05, Wake County, North Carolina",537,29,508
15000US371830535052,"Block Group 2, Census Tract 535.05, Wake County, North Carolina",421,10,411
15000US371830535053,"Block Group 3, Census Tract 535.05, Wake County, North Carolina",517,32,485
15000US371830535061,"Block Group 1, Census Tract 535.06, Wake County, North Carolina",399,39,360
15000US371830535062,"Block Group 2, Census Tract 535.06, Wake County, North Carolina",498,25,473
15000US371830535063,"Block Group 3, Census Tract 535.06, Wake County, North Carolina",641,0,641
15000US371830535064,"Block Group 4, Census Tract 535.06, Wake County, North Carolina",906,29,877
15000US371830535071,"Block Group 1, Census Tract 535.07, Wake County, North Carolina",327,9,318
15000US371830535072,"Block Group 2, Census Tract 535.07, Wake County, North Carolina",869,175,694
15000US371830535073,"Block Group 3, Census Tract 535.07, Wake County, North Carolina",604,27,577
15000US371830535091,"Block Group 1, Census Tract 535.09, Wake County, North Carolina",544,0,544
15000US371830535092,"Block Group 2, Census Tract 535.09, Wake County, North Carolina",708,0,708
15000US371830535093,"Block Group 3, Census Tract 535.09, Wake County, North Carolina",666,14,652
15000US371830535121,"Block Group 1, Census Tract 535.12, Wake County, North Carolina",1199,40,1159
15000US371830535122,"Block Group 2, Census Tract 535.12, Wake County, North Carolina",1137,55,1082
15000US371830535123,"Block Group 3, Census Tract 535.12, Wake County, North Carolina",639,72,567
15000US371830535131,"Block Group 1, Census Tract 535.13, Wake County, North Carolina",846,52,794
15000US371830535132,"Block Group 2, Census Tract 535.13, Wake County, North Carolina",844,77,767
15000US371830535161,"Block Group 1, Census Tract 535.16, Wake County, North Carolina",975,11,964
15000US371830535162,"Block Group 2, Census Tract 535.16, Wake County, North Carolina",370,30,340
15000US371830535171,"Block Group 1, Census Tract 535.17, Wake County, North Carolina",796,173,623
15000US371830535172,"Block Group 2, Census Tract 535.17, Wake County, North Carolina",267,37,230
15000US371830535173,"Block Group 3, Census Tract 535.17, Wake County, North Carolina",458,40,418
15000US371830535174,"Block Group 4, Census Tract 535.17, Wake County, North Carolina",201,0,201
15000US371830535181,"Block Group 1, Census Tract 535.18, Wake County, North Carolina",644,24,620
15000US371830535182,"Block Group 2, Census Tract 535.18, Wake County, North Carolina",551,38,513
15000US371830535183,"Block Group 3, Census Tract 535.18, Wake County, North Carolina",429,10,419
15000US371830535191,"Block Group 1, Census Tract 535.19, Wake County, North Carolina",605,60,545
15000US371830535192,"Block Group 2, Census Tract 535.19, Wake County, North Carolina",936,73,863
15000US371830535193,"Block Group 3, Census Tract 535.19, Wake County, North Carolina",430,67,363
15000US371830535201,"Block Group 1, Census Tract 535.20, Wake County, North Carolina",744,0,744
15000US371830535202,"Block Group 2, Census Tract 535.20, Wake County, North Carolina",1224,127,1097
15000US371830535203,"Block Group 3, Census Tract 535.20, Wake County, North Carolina",633,80,553
15000US371830535211,"Block Group 1, Census Tract 535.21, Wake County, North Carolina",740,8,732
15000US371830535212,"Block Group 2, Census Tract 535.21, Wake County, North Carolina",564,55,509
15000US371830535221,"Block Group 1, Census Tract 535.22, Wake County, North Carolina",954,74,880
15000US371830535222,"Block Group 2, Census Tract 535.22, Wake County, North Carolina",1819,53,1766
15000US371830535231,"Block Group 1, Census Tract 535.23, Wake County, North Carolina",1047,149,898
15000US371830535232,"Block Group 2, Census Tract 535.23, Wake County, North Carolina",1134,65,1069
15000US371830535241,"Block Group 1, Census Tract 535.24, Wake County, North Carolina",728,38,690
15000US371830535242,"Block Group 2, Census Tract 535.24, Wake County, North Carolina",985,50,935
15000US371830535251,"Block Group 1, Census Tract 535.25, Wake County, North Carolina",256,0,256
15000US371830535252,"Block Group 2, Census Tract 535.25, Wake County, North Carolina",856,13,843
15000US371830536011,"Block Group 1, Census Tract 536.01, Wake County, North Carolina",1990,94,1896
15000US371830536012,"Block Group 2, Census Tract 536.01, Wake County, North Carolina",1394,50,1344
15000US371830536013,"Block Group 3, Census Tract 536.01, Wake County, North Carolina",1434,102,1332
15000US371830536021,"Block Group 1, Census Tract 536.02, Wake County, North Carolina",1966,111,1855
15000US371830536031,"Block Group 1, Census Tract 536.03, Wake County, North Carolina",1623,52,1571
15000US371830536041,"Block Group 1, Census Tract 536.04, Wake County, North Carolina",630,0,630
15000US371830536042,"Block Group 2, Census Tract 536.04, Wake County, North Carolina",865,18,847
15000US371830536051,"Block Group 1, Census Tract 536.05, Wake County, North Carolina",989,71,918
15000US371830536061,"Block Group 1, Census Tract 536.06, Wake County, North Carolina",880,8,872
15000US371830536062,"Block Group 2, Census Tract 536.06, Wake County, North Carolina",306,37,269
15000US371830536071,"Block Group 1, Census Tract 536.07, Wake County, North Carolina",3463,247,3216
15000US371830536081,"Block Group 1, Census Tract 536.08, Wake County, North Carolina",2271,140,2131
15000US371830536091,"Block Group 1, Census Tract 536.09, Wake County, North Carolina",463,33,430
15000US371830536101,"Block Group 1, Census Tract 536.10, Wake County, North Carolina",3545,233,3312
15000US371830536102,"Block Group 2, Census Tract 536.10, Wake County, North Carolina",2200,45,2155
15000US371830537071,"Block Group 1, Census Tract 537.07, Wake County, North Carolina",933,35,898
15000US371830537072,"Block Group 2, Census Tract 537.07, Wake County, North Carolina",928,108,820
15000US371830537073,"Block Group 3, Census Tract 537.07, Wake County, North Carolina",1426,66,1360
15000US371830537091,"Block Group 1, Census Tract 537.09, Wake County, North Carolina",791,17,774
15000US371830537092,"Block Group 2, Census Tract 537.09, Wake County, North Carolina",1526,60,1466
15000US371830537093,"Block Group 3, Census Tract 537.09, Wake County, North Carolina",1455,78,1377
15000US371830537111,"Block Group 1, Census Tract 537.11, Wake County, North Carolina",724,13,711
15000US371830537112,"Block Group 2, Census Tract 537.11, Wake County, North Carolina",498,19,479
15000US371830537113,"Block Group 3, Census Tract 537.11, Wake County, North Carolina",743,12,731
15000US371830537121,"Block Group 1, Census Tract 537.12, Wake County, North Carolina",613,9,604
15000US371830537122,"Block Group 2, Census Tract 537.12, Wake County, North Carolina",476,57,419
15000US371830537131,"Block Group 1, Census Tract 537.13, Wake County, North Carolina",982,67,915
15000US371830537132,"Block Group 2, Census Tract 537.13, Wake County, North Carolina",869,65,804
15000US371830537141,"Block Group 1, Census Tract 537.14, Wake County, North Carolina",647,14,633
15000US371830537142,"Block Group 2, Census Tract 537.14, Wake County, North Carolina",872,111,761
15000US371830537143,"Block Group 3, Census Tract 537.14, Wake County, North Carolina",497,8,489
15000US371830537151,"Block Group 1, Census Tract 537.15, Wake County, North Carolina",714,29,685
15000US371830537152,"Block Group 2, Census Tract 537.15, Wake County, North Carolina",736,17,719
15000US371830537161,"Block Group 1, Census Tract 537.16, Wake County, North Carolina",600,53,547
15000US371830537162,"Block Group 2, Census Tract 537.16, Wake County, North Carolina",559,0,559
15000US371830537163,"Block Group 3, Census Tract 537.16, Wake County, North Carolina",945,16,929
15000US371830537171,"Block Group 1, Census Tract 537.17, Wake County, North Carolina",2021,122,1899
15000US371830537181,"Block Group 1, Census Tract 537.18, Wake County, North Carolina",1214,47,1167
15000US371830537191,"Block Group 1, Census Tract 537.19, Wake County, North Carolina",768,12,756
15000US371830537192,"Block Group 2, Census Tract 537.19, Wake County, North Carolina",641,7,634
15000US371830537201,"Block Group 1, Census Tract 537.20, Wake County, North Carolina",318,6,312
15000US371830537202,"Block Group 2, Census Tract 537.20, Wake County, North Carolina",350,20,330
15000US371830537203,"Block Group 3, Census Tract 537.20, Wake County, North Carolina",661,11,650
15000US371830537211,"Block Group 1, Census Tract 537.21, Wake County, North Carolina",697,28,669
15000US371830537212,"Block Group 2, Census Tract 537.21, Wake County, North Carolina",680,0,680
15000US371830537221,"Block Group 1, Census Tract 537.22, Wake County, North Carolina",787,15,772
15000US371830537222,"Block Group 2, Census Tract 537.22, Wake County, North Carolina",844,74,770
15000US371830537223,"Block Group 3, Census Tract 537.22, Wake County, North Carolina",438,0,438
15000US371830537224,"Block Group 4, Census Tract 537.22, Wake County, North Carolina",390,11,379
15000US371830537231,"Block Group 1, Census Tract 537.23, Wake County, North Carolina",846,7,839
15000US371830537232,"Block Group 2, Census Tract 537.23, Wake County, North Carolina",791,30,761
15000US371830537241,"Block Group 1, Census Tract 537.24, Wake County, North Carolina",2491,129,2362
15000US371830537251,"Block Group 1, Census Tract 537.25, Wake County, North Carolina",1155,73,1082
15000US371830537252,"Block Group 2, Census Tract 537.25, Wake County, North Carolina",991,55,936
15000US371830537261,"Block Group 1, Census Tract 537.26, Wake County, North Carolina",925,103,822
15000US371830537262,"Block Group 2, Census Tract 537.26, Wake County, North Carolina",411,0,411
15000US371830538031,"Block Group 1, Census Tract 538.03, Wake County, North Carolina",801,29,772
15000US371830538032,"Block Group 2, Census Tract 538.03, Wake County, North Carolina",439,0,439
15000US371830538041,"Block Group 1, Census Tract 538.04, Wake County, North Carolina",1175,15,1160
15000US371830538051,"Block Group 1, Census Tract 538.05, Wake County, North Carolina",395,12,383
15000US371830538052,"Block Group 2, Census Tract 538.05, Wake County, North Carolina",273,0,273
15000US371830538061,"Block Group 1, Census Tract 538.06, Wake County, North Carolina",720,0,720
15000US371830538062,"Block Group 2, Census Tract 538.06, Wake County, North Carolina",365,23,342
15000US371830538071,"Block Group 1, Census Tract 538.07, Wake County, North Carolina",802,0,802
15000US371830538072,"Block Group 2, Census Tract 538.07, Wake County, North Carolina",729,35,694
15000US371830538081,"Block Group 1, Census Tract 538.08, Wake County, North Carolina",398,25,373
15000US371830538082,"Block Group 2, Census Tract 538.08, Wake County, North Carolina",500,10,490
15000US371830538083,"Block Group 3, Census Tract 538.08, Wake County, North Carolina",722,16,706
15000US371830538084,"Block Group 4, Census Tract 538.08, Wake County, North Carolina",246,0,246
15000US371830539001,"Block Group 1, Census Tract 539, Wake County, North Carolina",381,60,321
15000US371830539002,"Block Group 2, Census Tract 539, Wake County, North Carolina",914,25,889
15000US371830539003,"Block Group 3, Census Tract 539, Wake County, North Carolina",695,76,619
15000US371830539004,"Block Group 4, Census Tract 539, Wake County, North Carolina",1197,41,1156
15000US371830540011,"Block Group 1, Census Tract 540.01, Wake County, North Carolina",775,102,673
15000US371830540012,"Block Group 2, Census Tract 540.01, Wake County, North Carolina",813,47,766
15000US371830540013,"Block Group 3, Census Tract 540.01, Wake County, North Carolina",960,112,848
15000US371830540041,"Block Group 1, Census Tract 540.04, Wake County, North Carolina",864,54,810
15000US371830540042,"Block Group 2, Census Tract 540.04, Wake County, North Carolina",533,74,459
15000US371830540043,"Block Group 3, Census Tract 540.04, Wake County, North Carolina",658,33,625
15000US371830540044,"Block Group 4, Census Tract 540.04, Wake County, North Carolina",432,86,346
15000US371830540061,"Block Group 1, Census Tract 540.06, Wake County, North Carolina",895,89,806
15000US371830540062,"Block Group 2, Census Tract 540.06, Wake County, North Carolina",427,9,418
15000US371830540071,"Block Group 1, Census Tract 540.07, Wake County, North Carolina",1077,79,998
15000US371830540072,"Block Group 2, Census Tract 540.07, Wake County, North Carolina",866,47,819
15000US371830540081,"Block Group 1, Census Tract 540.08, Wake County, North Carolina",702,69,633
15000US371830540082,"Block Group 2, Census Tract 540.08, Wake County, North Carolina",889,290,599
15000US371830540083,"Block Group 3, Census Tract 540.08, Wake County, North Carolina",580,2,578
15000US371830540084,"Block Group 4, Census Tract 540.08, Wake County, North Carolina",698,87,611
15000US371830540111,"Block Group 1, Census Tract 540.11, Wake County, North Carolina",614,0,614
15000US371830540112,"Block Group 2, Census Tract 540.11, Wake County, North Carolina",485,17,468
15000US371830540121,"Block Group 1, Census Tract 540.12, Wake County, North Carolina",769,18,751
15000US371830540122,"Block Group 2, Census Tract 540.12, Wake County, North Carolina",455,0,455
15000US371830540123,"Block Group 3, Census Tract 540.12, Wake County, North Carolina",325,0,325
15000US371830540131,"Block Group 1, Census Tract 540.13, Wake County, North Carolina",2077,0,2077
15000US371830540132,"Block Group 2, Census Tract 540.13, Wake County, North Carolina",1157,53,1104
15000US371830540133,"Block Group 3, Census Tract 540.13, Wake County, North Carolina",552,53,499
15000US371830540134,"Block Group 4, Census Tract 540.13, Wake County, North Carolina",1205,77,1128
15000US371830540141,"Block Group 1, Census Tract 540.14, Wake County, North Carolina",3339,234,3105
15000US371830540142,"Block Group 2, Census Tract 540.14, Wake County, North Carolina",444,24,420
15000US371830540143,"Block Group 3, Census Tract 540.14, Wake County, North Carolina",956,328,628
15000US371830540151,"Block Group 1, Census Tract 540.15, Wake County, North Carolina",1813,139,1674
15000US371830540161,"Block Group 1, Census Tract 540.16, Wake County, North Carolina",634,54,580
15000US371830540162,"Block Group 2, Census Tract 540.16, Wake County, North Carolina",1024,17,1007
15000US371830540163,"Block Group 3, Census Tract 540.16, Wake County, North Carolina",1014,60,954
15000US371830540171,"Block Group 1, Census Tract 540.17, Wake County, North Carolina",1191,137,1054
15000US371830540181,"Block Group 1, Census Tract 540.18, Wake County, North Carolina",489,66,423
15000US371830540182,"Block Group 2, Census Tract 540.18, Wake County, North Carolina",1101,112,989
15000US371830541041,"Block Group 1, Census Tract 541.04, Wake County, North Carolina",647,39,608
15000US371830541042,"Block Group 2, Census Tract 541.04, Wake County, North Carolina",1096,166,930
15000US371830541043,"Block Group 3, Census Tract 541.04, Wake County, North Carolina",1558,168,1390
15000US371830541044,"Block Group 4, Census Tract 541.04, Wake County, North Carolina",643,98,545
15000US371830541051,"Block Group 1, Census Tract 541.05, Wake County, North Carolina",937,53,884
15000US371830541052,"Block Group 2, Census Tract 541.05, Wake County, North Carolina",926,24,902
15000US371830541053,"Block Group 3, Census Tract 541.05, Wake County, North Carolina",1604,147,1457
15000US371830541054,"Block Group 4, Census Tract 541.05, Wake County, North Carolina",1283,157,1126
15000US371830541055,"Block Group 5, Census Tract 541.05, Wake County, North Carolina",323,0,323
15000US371830541061,"Block Group 1, Census Tract 541.06, Wake County, North Carolina",599,93,506
15000US371830541062,"Block Group 2, Census Tract 541.06, Wake County, North Carolina",611,0,611
15000US371830541063,"Block Group 3, Census Tract 541.06, Wake County, North Carolina",1633,53,1580
15000US371830541081,"Block Group 1, Census Tract 541.08, Wake County, North Carolina",723,116,607
15000US371830541082,"Block Group 2, Census Tract 541.08, Wake County, North Carolina",1285,109,1176
15000US371830541083,"Block Group 3, Census Tract 541.08, Wake County, North Carolina",627,13,614
15000US371830541091,"Block Group 1, Census Tract 541.09, Wake County, North Carolina",677,21,656
15000US371830541092,"Block Group 2, Census Tract 541.09, Wake County, North Carolina",593,52,541
15000US371830541101,"Block Group 1, Census Tract 541.10, Wake County, North Carolina",616,0,616
15000US371830541102,"Block Group 2, Census Tract 541.10, Wake County, North Carolina",1642,14,1628
15000US371830541103,"Block Group 3, Census Tract 541.10, Wake County, North Carolina",1168,85,1083
15000US371830541111,"Block Group 1, Census Tract 541.11, Wake County, North Carolina",933,75,858
15000US371830541121,"Block Group 1, Census Tract 541.12, Wake County, North Carolina",1468,121,1347
15000US371830541131,"Block Group 1, Census Tract 541.13, Wake County, North Carolina",658,75,583
15000US371830541132,"Block Group 2, Census Tract 541.13, Wake County, North Carolina",911,52,859
15000US371830541141,"Block Group 1, Census Tract 541.14, Wake County, North Carolina",1184,21,1163
15000US371830541142,"Block Group 2, Census Tract 541.14, Wake County, North Carolina",1116,124,992
15000US371830541151,"Block Group 1, Census Tract 541.15, Wake County, North Carolina",515,0,515
15000US371830541152,"Block Group 2, Census Tract 541.15, Wake County, North Carolina",1072,74,998
15000US371830541153,"Block Group 3, Census Tract 541.15, Wake County, North Carolina",1201,18,1183
15000US371830541154,"Block Group 4, Census Tract 541.15, Wake County, North Carolina",634,102,532
15000US371830542031,"Block Group 1, Census Tract 542.03, Wake County, North Carolina",1238,27,1211
15000US371830542041,"Block Group 1, Census Tract 542.04, Wake County, North Carolina",976,12,964
15000US371830542042,"Block Group 2, Census Tract 542.04, Wake County, North Carolina",873,69,804
15000US371830542051,"Block Group 1, Census Tract 542.05, Wake County, North Carolina",968,143,825
15000US371830542052,"Block Group 2, Census Tract 542.05, Wake County, North Carolina",1245,156,1089
15000US371830542061,"Block Group 1, Census Tract 542.06, Wake County, North Carolina",2289,118,2171
15000US371830542062,"Block Group 2, Census Tract 542.06, Wake County, North Carolina",251,0,251
15000US371830542071,"Block Group 1, Census Tract 542.07, Wake County, North Carolina",3586,118,3468
15000US371830542081,"Block Group 1, Census Tract 542.08, Wake County, North Carolina",3594,258,3336
15000US371830542091,"Block Group 1, Census Tract 542.09, Wake County, North Carolina",2832,173,2659
15000US371830542092,"Block Group 2, Census Tract 542.09, Wake County, North Carolina",1304,17,1287
15000US371830542101,"Block Group 1, Census Tract 542.10, Wake County, North Carolina",893,33,860
15000US371830542102,"Block Group 2, Census Tract 542.10, Wake County, North Carolina",1432,36,1396
15000US371830542103,"Block Group 3, Census Tract 542.10, Wake County, North Carolina",1561,76,1485
15000US371830542111,"Block Group 1, Census Tract 542.11, Wake County, North Carolina",1065,0,1065
15000US371830542112,"Block Group 2, Census Tract 542.11, Wake County, North Carolina",3607,110,3497
15000US371830543011,"Block Group 1, Census Tract 543.01, Wake County, North Carolina",362,33,329
15000US371830543012,"Block Group 2, Census Tract 543.01, Wake County, North Carolina",454,130,324
15000US371830543013,"Block Group 3, Census Tract 543.01, Wake County, North Carolina",1016,42,974
15000US371830543014,"Block Group 4, Census Tract 543.01, Wake County, North Carolina",571,19,552
15000US371830543021,"Block Group 1, Census Tract 543.02, Wake County, North Carolina",443,61,382
15000US371830543022,"Block Group 2, Census Tract 543.02, Wake County, North Carolina",412,0,412
15000US371830543023,"Block Group 3, Census Tract 543.02, Wake County, North Carolina",1003,70,933
15000US371830543024,"Block Group 4, Census Tract 543.02, Wake County, North Carolina",432,168,264
15000US371830543025,"Block Group 5, Census Tract 543.02, Wake County, North Carolina",334,76,258
15000US371830544021,"Block Group 1, Census Tract 544.02, Wake County, North Carolina",402,11,391
15000US371830544022,"Block Group 2, Census Tract 544.02, Wake County, North Carolina",882,253,629
15000US371830544023,"Block Group 3, Census Tract 544.02, Wake County, North Carolina",1020,53,967
15000US371830544031,"Block Group 1, Census Tract 544.03, Wake County, North Carolina",400,54,346
15000US371830544032,"Block Group 2, Census Tract 544.03, Wake County, North Carolina",294,10,284
15000US371830544033,"Block Group 3, Census Tract 544.03, Wake County, North Carolina",521,36,485
15000US371830544041,"Block Group 1, Census Tract 544.04, Wake County, North Carolina",1061,187,874
15000US371830544042,"Block Group 2, Census Tract 544.04, Wake County, North Carolina",415,0,415
15000US371830544043,"Block Group 3, Census Tract 544.04, Wake County, North Carolina",869,75,794
15000US371830545001,"Block Group 1, Census Tract 545, Wake County, North Carolina",558,48,510
15000US371830545002,"Block Group 2, Census Tract 545, Wake County, North Carolina",627,84,543
15000US371830545003,"Block Group 3, Census Tract 545, Wake County, North Carolina",1762,317,1445
15000US371830545004,"Block Group 4, Census Tract 545, Wake County, North Carolina",904,100,804
15000US371839801001,"Block Group 1, Census Tract 9801, Wake County, North Carolina",0,0,0
15000US371839802001,"Block Group 1, Census Tract 9802, Wake County, North Carolina",0,0,0
15000US371859501011,"Block Group 1, Census Tract 9501.01, Warren County, North Carolina",431,38,393
15000US371859501012,"Block Group 2, Census Tract 9501.01, Warren County, North Carolina",536,27,509
15000US371859501021,"Block Group 1, Census Tract 9501.02, Warren County, North Carolina",621,88,533
15000US371859501031,"Block Group 1, Census Tract 9501.03, Warren County, North Carolina",250,52,198
15000US371859501032,"Block Group 2, Census Tract 9501.03, Warren County, North Carolina",694,175,519
15000US371859502001,"Block Group 1, Census Tract 9502, Warren County, North Carolina",464,27,437
15000US371859502002,"Block Group 2, Census Tract 9502, Warren County, North Carolina",515,38,477
15000US371859502003,"Block Group 3, Census Tract 9502, Warren County, North Carolina",648,188,460
15000US371859502004,"Block Group 4, Census Tract 9502, Warren County, North Carolina",476,179,297
15000US371859502005,"Block Group 5, Census Tract 9502, Warren County, North Carolina",324,102,222
15000US371859503001,"Block Group 1, Census Tract 9503, Warren County, North Carolina",486,100,386
15000US371859503002,"Block Group 2, Census Tract 9503, Warren County, North Carolina",404,112,292
15000US371859503003,"Block Group 3, Census Tract 9503, Warren County, North Carolina",566,125,441
15000US371859504001,"Block Group 1, Census Tract 9504, Warren County, North Carolina",650,122,528
15000US371859504002,"Block Group 2, Census Tract 9504, Warren County, North Carolina",721,181,540
15000US371879501000,"Block Group 0, Census Tract 9501, Washington County, North Carolina",0,0,0
15000US371879501001,"Block Group 1, Census Tract 9501, Washington County, North Carolina",248,113,135
15000US371879501002,"Block Group 2, Census Tract 9501, Washington County, North Carolina",224,34,190
15000US371879501003,"Block Group 3, Census Tract 9501, Washington County, North Carolina",320,57,263
15000US371879501004,"Block Group 4, Census Tract 9501, Washington County, North Carolina",219,0,219
15000US371879501005,"Block Group 5, Census Tract 9501, Washington County, North Carolina",353,140,213
15000US371879501006,"Block Group 6, Census Tract 9501, Washington County, North Carolina",370,54,316
15000US371879502001,"Block Group 1, Census Tract 9502, Washington County, North Carolina",516,199,317
15000US371879502002,"Block Group 2, Census Tract 9502, Washington County, North Carolina",198,0,198
15000US371879502003,"Block Group 3, Census Tract 9502, Washington County, North Carolina",244,130,114
15000US371879502004,"Block Group 4, Census Tract 9502, Washington County, North Carolina",823,328,495
15000US371879502005,"Block Group 5, Census Tract 9502, Washington County, North Carolina",280,65,215
15000US371879502006,"Block Group 6, Census Tract 9502, Washington County, North Carolina",531,69,462
15000US371879503001,"Block Group 1, Census Tract 9503, Washington County, North Carolina",331,25,306
15000US371879503002,"Block Group 2, Census Tract 9503, Washington County, North Carolina",320,75,245
15000US371899201001,"Block Group 1, Census Tract 9201, Watauga County, North Carolina",761,135,626
15000US371899201002,"Block Group 2, Census Tract 9201, Watauga County, North Carolina",694,114,580
15000US371899201003,"Block Group 3, Census Tract 9201, Watauga County, North Carolina",551,46,505
15000US371899202001,"Block Group 1, Census Tract 9202, Watauga County, North Carolina",658,139,519
15000US371899202002,"Block Group 2, Census Tract 9202, Watauga County, North Carolina",597,119,478
15000US371899202003,"Block Group 3, Census Tract 9202, Watauga County, North Carolina",375,61,314
15000US371899203001,"Block Group 1, Census Tract 9203, Watauga County, North Carolina",445,4,441
15000US371899203002,"Block Group 2, Census Tract 9203, Watauga County, North Carolina",505,107,398
15000US371899204001,"Block Group 1, Census Tract 9204, Watauga County, North Carolina",1284,549,735
15000US371899204002,"Block Group 2, Census Tract 9204, Watauga County, North Carolina",576,211,365
15000US371899204003,"Block Group 3, Census Tract 9204, Watauga County, North Carolina",1194,611,583
15000US371899204004,"Block Group 4, Census Tract 9204, Watauga County, North Carolina",318,39,279
15000US371899205001,"Block Group 1, Census Tract 9205, Watauga County, North Carolina",197,152,45
15000US371899205002,"Block Group 2, Census Tract 9205, Watauga County, North Carolina",831,309,522
15000US371899206011,"Block Group 1, Census Tract 9206.01, Watauga County, North Carolina",593,112,481
15000US371899206012,"Block Group 2, Census Tract 9206.01, Watauga County, North Carolina",918,587,331
15000US371899206013,"Block Group 3, Census Tract 9206.01, Watauga County, North Carolina",1000,596,404
15000US371899206021,"Block Group 1, Census Tract 9206.02, Watauga County, North Carolina",1068,311,757
15000US371899207011,"Block Group 1, Census Tract 9207.01, Watauga County, North Carolina",868,139,729
15000US371899207021,"Block Group 1, Census Tract 9207.02, Watauga County, North Carolina",667,97,570
15000US371899207022,"Block Group 2, Census Tract 9207.02, Watauga County, North Carolina",680,46,634
15000US371899207031,"Block Group 1, Census Tract 9207.03, Watauga County, North Carolina",732,21,711
15000US371899207032,"Block Group 2, Census Tract 9207.03, Watauga County, North Carolina",563,168,395
15000US371899207033,"Block Group 3, Census Tract 9207.03, Watauga County, North Carolina",1240,92,1148
15000US371899208001,"Block Group 1, Census Tract 9208, Watauga County, North Carolina",647,38,609
15000US371899208002,"Block Group 2, Census Tract 9208, Watauga County, North Carolina",649,60,589
15000US371899209001,"Block Group 1, Census Tract 9209, Watauga County, North Carolina",458,76,382
15000US371899209002,"Block Group 2, Census Tract 9209, Watauga County, North Carolina",562,121,441
15000US371899209003,"Block Group 3, Census Tract 9209, Watauga County, North Carolina",559,54,505
15000US371899209004,"Block Group 4, Census Tract 9209, Watauga County, North Carolina",550,116,434
15000US371899210001,"Block Group 1, Census Tract 9210, Watauga County, North Carolina",337,30,307
15000US371910001011,"Block Group 1, Census Tract 1.01, Wayne County, North Carolina",1173,96,1077
15000US371910001012,"Block Group 2, Census Tract 1.01, Wayne County, North Carolina",323,49,274
15000US371910001013,"Block Group 3, Census Tract 1.01, Wayne County, North Carolina",773,197,576
15000US371910001014,"Block Group 4, Census Tract 1.01, Wayne County, North Carolina",569,16,553
15000US371910001021,"Block Group 1, Census Tract 1.02, Wayne County, North Carolina",1172,100,1072
15000US371910001022,"Block Group 2, Census Tract 1.02, Wayne County, North Carolina",1329,103,1226
15000US371910002001,"Block Group 1, Census Tract 2, Wayne County, North Carolina",376,13,363
15000US371910002002,"Block Group 2, Census Tract 2, Wayne County, North Carolina",213,53,160
15000US371910002003,"Block Group 3, Census Tract 2, Wayne County, North Carolina",738,107,631
15000US371910003021,"Block Group 1, Census Tract 3.02, Wayne County, North Carolina",664,67,597
15000US371910003022,"Block Group 2, Census Tract 3.02, Wayne County, North Carolina",891,210,681
15000US371910003023,"Block Group 3, Census Tract 3.02, Wayne County, North Carolina",880,125,755
15000US371910003031,"Block Group 1, Census Tract 3.03, Wayne County, North Carolina",1640,141,1499
15000US371910003032,"Block Group 2, Census Tract 3.03, Wayne County, North Carolina",957,130,827
15000US371910003041,"Block Group 1, Census Tract 3.04, Wayne County, North Carolina",1075,284,791
15000US371910003042,"Block Group 2, Census Tract 3.04, Wayne County, North Carolina",643,42,601
15000US371910003043,"Block Group 3, Census Tract 3.04, Wayne County, North Carolina",441,31,410
15000US371910004011,"Block Group 1, Census Tract 4.01, Wayne County, North Carolina",362,22,340
15000US371910004012,"Block Group 2, Census Tract 4.01, Wayne County, North Carolina",1843,89,1754
15000US371910004013,"Block Group 3, Census Tract 4.01, Wayne County, North Carolina",171,0,171
15000US371910004021,"Block Group 1, Census Tract 4.02, Wayne County, North Carolina",488,85,403
15000US371910004022,"Block Group 2, Census Tract 4.02, Wayne County, North Carolina",726,110,616
15000US371910004023,"Block Group 3, Census Tract 4.02, Wayne County, North Carolina",590,156,434
15000US371910005001,"Block Group 1, Census Tract 5, Wayne County, North Carolina",253,40,213
15000US371910005002,"Block Group 2, Census Tract 5, Wayne County, North Carolina",546,43,503
15000US371910006011,"Block Group 1, Census Tract 6.01, Wayne County, North Carolina",822,311,511
15000US371910006012,"Block Group 2, Census Tract 6.01, Wayne County, North Carolina",361,42,319
15000US371910006013,"Block Group 3, Census Tract 6.01, Wayne County, North Carolina",577,186,391
15000US371910006021,"Block Group 1, Census Tract 6.02, Wayne County, North Carolina",874,260,614
15000US371910006022,"Block Group 2, Census Tract 6.02, Wayne County, North Carolina",423,151,272
15000US371910006023,"Block Group 3, Census Tract 6.02, Wayne County, North Carolina",392,0,392
15000US371910006024,"Block Group 4, Census Tract 6.02, Wayne County, North Carolina",313,123,190
15000US371910006025,"Block Group 5, Census Tract 6.02, Wayne County, North Carolina",911,316,595
15000US371910007001,"Block Group 1, Census Tract 7, Wayne County, North Carolina",524,258,266
15000US371910007002,"Block Group 2, Census Tract 7, Wayne County, North Carolina",295,23,272
15000US371910007003,"Block Group 3, Census Tract 7, Wayne County, North Carolina",312,26,286
15000US371910008001,"Block Group 1, Census Tract 8, Wayne County, North Carolina",508,109,399
15000US371910008002,"Block Group 2, Census Tract 8, Wayne County, North Carolina",376,70,306
15000US371910009011,"Block Group 1, Census Tract 9.01, Wayne County, North Carolina",726,145,581
15000US371910009012,"Block Group 2, Census Tract 9.01, Wayne County, North Carolina",485,0,485
15000US371910009013,"Block Group 3, Census Tract 9.01, Wayne County, North Carolina",889,88,801
15000US371910009021,"Block Group 1, Census Tract 9.02, Wayne County, North Carolina",901,167,734
15000US371910009022,"Block Group 2, Census Tract 9.02, Wayne County, North Carolina",403,122,281
15000US371910009023,"Block Group 3, Census Tract 9.02, Wayne County, North Carolina",677,89,588
15000US371910010001,"Block Group 1, Census Tract 10, Wayne County, North Carolina",417,42,375
15000US371910010002,"Block Group 2, Census Tract 10, Wayne County, North Carolina",678,88,590
15000US371910010003,"Block Group 3, Census Tract 10, Wayne County, North Carolina",617,81,536
15000US371910011011,"Block Group 1, Census Tract 11.01, Wayne County, North Carolina",251,47,204
15000US371910011012,"Block Group 2, Census Tract 11.01, Wayne County, North Carolina",1167,243,924
15000US371910011013,"Block Group 3, Census Tract 11.01, Wayne County, North Carolina",491,13,478
15000US371910011014,"Block Group 4, Census Tract 11.01, Wayne County, North Carolina",689,52,637
15000US371910011021,"Block Group 1, Census Tract 11.02, Wayne County, North Carolina",302,13,289
15000US371910011022,"Block Group 2, Census Tract 11.02, Wayne County, North Carolina",387,0,387
15000US371910011023,"Block Group 3, Census Tract 11.02, Wayne County, North Carolina",538,48,490
15000US371910012001,"Block Group 1, Census Tract 12, Wayne County, North Carolina",1472,333,1139
15000US371910012002,"Block Group 2, Census Tract 12, Wayne County, North Carolina",226,18,208
15000US371910013011,"Block Group 1, Census Tract 13.01, Wayne County, North Carolina",967,63,904
15000US371910013012,"Block Group 2, Census Tract 13.01, Wayne County, North Carolina",678,0,678
15000US371910013013,"Block Group 3, Census Tract 13.01, Wayne County, North Carolina",876,34,842
15000US371910013021,"Block Group 1, Census Tract 13.02, Wayne County, North Carolina",886,151,735
15000US371910013022,"Block Group 2, Census Tract 13.02, Wayne County, North Carolina",1001,199,802
15000US371910014001,"Block Group 1, Census Tract 14, Wayne County, North Carolina",431,13,418
15000US371910014002,"Block Group 2, Census Tract 14, Wayne County, North Carolina",512,147,365
15000US371910014003,"Block Group 3, Census Tract 14, Wayne County, North Carolina",504,10,494
15000US371910014004,"Block Group 4, Census Tract 14, Wayne County, North Carolina",807,530,277
15000US371910014005,"Block Group 5, Census Tract 14, Wayne County, North Carolina",427,222,205
15000US371910015001,"Block Group 1, Census Tract 15, Wayne County, North Carolina",496,248,248
15000US371910015002,"Block Group 2, Census Tract 15, Wayne County, North Carolina",520,93,427
15000US371910018001,"Block Group 1, Census Tract 18, Wayne County, North Carolina",613,300,313
15000US371910018002,"Block Group 2, Census Tract 18, Wayne County, North Carolina",412,124,288
15000US371910019001,"Block Group 1, Census Tract 19, Wayne County, North Carolina",780,207,573
15000US371910019002,"Block Group 2, Census Tract 19, Wayne County, North Carolina",585,463,122
15000US371910019003,"Block Group 3, Census Tract 19, Wayne County, North Carolina",564,173,391
15000US371910020001,"Block Group 1, Census Tract 20, Wayne County, North Carolina",252,98,154
15000US371910020002,"Block Group 2, Census Tract 20, Wayne County, North Carolina",192,29,163
15000US371939601001,"Block Group 1, Census Tract 9601, Wilkes County, North Carolina",869,30,839
15000US371939601002,"Block Group 2, Census Tract 9601, Wilkes County, North Carolina",238,35,203
15000US371939601003,"Block Group 3, Census Tract 9601, Wilkes County, North Carolina",344,0,344
15000US371939601004,"Block Group 4, Census Tract 9601, Wilkes County, North Carolina",420,58,362
15000US371939601005,"Block Group 5, Census Tract 9601, Wilkes County, North Carolina",568,75,493
15000US371939601006,"Block Group 6, Census Tract 9601, Wilkes County, North Carolina",485,12,473
15000US371939602001,"Block Group 1, Census Tract 9602, Wilkes County, North Carolina",447,117,330
15000US371939602002,"Block Group 2, Census Tract 9602, Wilkes County, North Carolina",399,78,321
15000US371939602003,"Block Group 3, Census Tract 9602, Wilkes County, North Carolina",684,123,561
15000US371939603001,"Block Group 1, Census Tract 9603, Wilkes County, North Carolina",635,58,577
15000US371939603002,"Block Group 2, Census Tract 9603, Wilkes County, North Carolina",704,50,654
15000US371939603003,"Block Group 3, Census Tract 9603, Wilkes County, North Carolina",481,69,412
15000US371939603004,"Block Group 4, Census Tract 9603, Wilkes County, North Carolina",902,263,639
15000US371939604001,"Block Group 1, Census Tract 9604, Wilkes County, North Carolina",388,74,314
15000US371939604002,"Block Group 2, Census Tract 9604, Wilkes County, North Carolina",522,151,371
15000US371939604003,"Block Group 3, Census Tract 9604, Wilkes County, North Carolina",367,49,318
15000US371939604004,"Block Group 4, Census Tract 9604, Wilkes County, North Carolina",534,56,478
15000US371939604005,"Block Group 5, Census Tract 9604, Wilkes County, North Carolina",509,123,386
15000US371939604006,"Block Group 6, Census Tract 9604, Wilkes County, North Carolina",602,39,563
15000US371939605001,"Block Group 1, Census Tract 9605, Wilkes County, North Carolina",405,83,322
15000US371939605002,"Block Group 2, Census Tract 9605, Wilkes County, North Carolina",622,88,534
15000US371939605003,"Block Group 3, Census Tract 9605, Wilkes County, North Carolina",394,109,285
15000US371939606001,"Block Group 1, Census Tract 9606, Wilkes County, North Carolina",450,156,294
15000US371939606002,"Block Group 2, Census Tract 9606, Wilkes County, North Carolina",290,67,223
15000US371939606003,"Block Group 3, Census Tract 9606, Wilkes County, North Carolina",456,202,254
15000US371939607001,"Block Group 1, Census Tract 9607, Wilkes County, North Carolina",576,102,474
15000US371939607002,"Block Group 2, Census Tract 9607, Wilkes County, North Carolina",456,81,375
15000US371939607003,"Block Group 3, Census Tract 9607, Wilkes County, North Carolina",439,141,298
15000US371939608011,"Block Group 1, Census Tract 9608.01, Wilkes County, North Carolina",692,188,504
15000US371939608012,"Block Group 2, Census Tract 9608.01, Wilkes County, North Carolina",296,62,234
15000US371939608013,"Block Group 3, Census Tract 9608.01, Wilkes County, North Carolina",721,119,602
15000US371939608021,"Block Group 1, Census Tract 9608.02, Wilkes County, North Carolina",616,61,555
15000US371939608022,"Block Group 2, Census Tract 9608.02, Wilkes County, North Carolina",458,77,381
15000US371939608023,"Block Group 3, Census Tract 9608.02, Wilkes County, North Carolina",589,159,430
15000US371939608024,"Block Group 4, Census Tract 9608.02, Wilkes County, North Carolina",267,16,251
15000US371939609001,"Block Group 1, Census Tract 9609, Wilkes County, North Carolina",586,72,514
15000US371939609002,"Block Group 2, Census Tract 9609, Wilkes County, North Carolina",475,41,434
15000US371939609003,"Block Group 3, Census Tract 9609, Wilkes County, North Carolina",640,150,490
15000US371939609004,"Block Group 4, Census Tract 9609, Wilkes County, North Carolina",439,69,370
15000US371939610011,"Block Group 1, Census Tract 9610.01, Wilkes County, North Carolina",1080,190,890
15000US371939610012,"Block Group 2, Census Tract 9610.01, Wilkes County, North Carolina",345,75,270
15000US371939610013,"Block Group 3, Census Tract 9610.01, Wilkes County, North Carolina",580,32,548
15000US371939610021,"Block Group 1, Census Tract 9610.02, Wilkes County, North Carolina",1277,189,1088
15000US371939610022,"Block Group 2, Census Tract 9610.02, Wilkes County, North Carolina",702,65,637
15000US371939610023,"Block Group 3, Census Tract 9610.02, Wilkes County, North Carolina",418,25,393
15000US371939611001,"Block Group 1, Census Tract 9611, Wilkes County, North Carolina",485,100,385
15000US371939611002,"Block Group 2, Census Tract 9611, Wilkes County, North Carolina",427,46,381
15000US371939611003,"Block Group 3, Census Tract 9611, Wilkes County, North Carolina",599,43,556
15000US371939612001,"Block Group 1, Census Tract 9612, Wilkes County, North Carolina",597,15,582
15000US371939612002,"Block Group 2, Census Tract 9612, Wilkes County, North Carolina",768,102,666
15000US371939612003,"Block Group 3, Census Tract 9612, Wilkes County, North Carolina",413,30,383
15000US371939612004,"Block Group 4, Census Tract 9612, Wilkes County, North Carolina",630,98,532
15000US371939612005,"Block Group 5, Census Tract 9612, Wilkes County, North Carolina",467,58,409
15000US371950001001,"Block Group 1, Census Tract 1, Wilson County, North Carolina",253,71,182
15000US371950001002,"Block Group 2, Census Tract 1, Wilson County, North Carolina",335,196,139
15000US371950001003,"Block Group 3, Census Tract 1, Wilson County, North Carolina",323,55,268
15000US371950001004,"Block Group 4, Census Tract 1, Wilson County, North Carolina",431,141,290
15000US371950002001,"Block Group 1, Census Tract 2, Wilson County, North Carolina",385,253,132
15000US371950003001,"Block Group 1, Census Tract 3, Wilson County, North Carolina",418,180,238
15000US371950003002,"Block Group 2, Census Tract 3, Wilson County, North Carolina",393,119,274
15000US371950004001,"Block Group 1, Census Tract 4, Wilson County, North Carolina",406,61,345
15000US371950004002,"Block Group 2, Census Tract 4, Wilson County, North Carolina",1046,126,920
15000US371950004003,"Block Group 3, Census Tract 4, Wilson County, North Carolina",557,209,348
15000US371950004004,"Block Group 4, Census Tract 4, Wilson County, North Carolina",1571,343,1228
15000US371950005011,"Block Group 1, Census Tract 5.01, Wilson County, North Carolina",829,51,778
15000US371950005012,"Block Group 2, Census Tract 5.01, Wilson County, North Carolina",729,46,683
15000US371950005021,"Block Group 1, Census Tract 5.02, Wilson County, North Carolina",211,0,211
15000US371950005022,"Block Group 2, Census Tract 5.02, Wilson County, North Carolina",1313,135,1178
15000US371950005023,"Block Group 3, Census Tract 5.02, Wilson County, North Carolina",559,0,559
15000US371950006001,"Block Group 1, Census Tract 6, Wilson County, North Carolina",499,127,372
15000US371950006002,"Block Group 2, Census Tract 6, Wilson County, North Carolina",502,82,420
15000US371950006003,"Block Group 3, Census Tract 6, Wilson County, North Carolina",247,101,146
15000US371950006004,"Block Group 4, Census Tract 6, Wilson County, North Carolina",323,83,240
15000US371950006005,"Block Group 5, Census Tract 6, Wilson County, North Carolina",1628,248,1380
15000US371950007001,"Block Group 1, Census Tract 7, Wilson County, North Carolina",884,388,496
15000US371950007002,"Block Group 2, Census Tract 7, Wilson County, North Carolina",485,125,360
15000US371950007003,"Block Group 3, Census Tract 7, Wilson County, North Carolina",335,31,304
15000US371950007004,"Block Group 4, Census Tract 7, Wilson County, North Carolina",267,93,174
15000US371950008011,"Block Group 1, Census Tract 8.01, Wilson County, North Carolina",118,34,84
15000US371950008012,"Block Group 2, Census Tract 8.01, Wilson County, North Carolina",488,296,192
15000US371950008013,"Block Group 3, Census Tract 8.01, Wilson County, North Carolina",215,109,106
15000US371950008021,"Block Group 1, Census Tract 8.02, Wilson County, North Carolina",682,407,275
15000US371950008022,"Block Group 2, Census Tract 8.02, Wilson County, North Carolina",400,119,281
15000US371950008023,"Block Group 3, Census Tract 8.02, Wilson County, North Carolina",321,113,208
15000US371950009001,"Block Group 1, Census Tract 9, Wilson County, North Carolina",406,10,396
15000US371950009002,"Block Group 2, Census Tract 9, Wilson County, North Carolina",729,137,592
15000US371950009003,"Block Group 3, Census Tract 9, Wilson County, North Carolina",363,69,294
15000US371950010001,"Block Group 1, Census Tract 10, Wilson County, North Carolina",674,117,557
15000US371950011001,"Block Group 1, Census Tract 11, Wilson County, North Carolina",348,118,230
15000US371950011002,"Block Group 2, Census Tract 11, Wilson County, North Carolina",274,21,253
15000US371950012001,"Block Group 1, Census Tract 12, Wilson County, North Carolina",699,106,593
15000US371950012002,"Block Group 2, Census Tract 12, Wilson County, North Carolina",387,92,295
15000US371950012003,"Block Group 3, Census Tract 12, Wilson County, North Carolina",318,33,285
15000US371950013001,"Block Group 1, Census Tract 13, Wilson County, North Carolina",624,96,528
15000US371950013002,"Block Group 2, Census Tract 13, Wilson County, North Carolina",638,98,540
15000US371950013003,"Block Group 3, Census Tract 13, Wilson County, North Carolina",380,46,334
15000US371950013004,"Block Group 4, Census Tract 13, Wilson County, North Carolina",587,175,412
15000US371950014001,"Block Group 1, Census Tract 14, Wilson County, North Carolina",1317,43,1274
15000US371950014002,"Block Group 2, Census Tract 14, Wilson County, North Carolina",2376,188,2188
15000US371950015001,"Block Group 1, Census Tract 15, Wilson County, North Carolina",318,63,255
15000US371950015002,"Block Group 2, Census Tract 15, Wilson County, North Carolina",880,123,757
15000US371950015003,"Block Group 3, Census Tract 15, Wilson County, North Carolina",791,34,757
15000US371950016001,"Block Group 1, Census Tract 16, Wilson County, North Carolina",312,0,312
15000US371950016002,"Block Group 2, Census Tract 16, Wilson County, North Carolina",398,86,312
15000US371950016003,"Block Group 3, Census Tract 16, Wilson County, North Carolina",422,73,349
15000US371950017001,"Block Group 1, Census Tract 17, Wilson County, North Carolina",471,81,390
15000US371950017002,"Block Group 2, Census Tract 17, Wilson County, North Carolina",644,129,515
15000US371950017003,"Block Group 3, Census Tract 17, Wilson County, North Carolina",505,54,451
15000US371970501011,"Block Group 1, Census Tract 501.01, Yadkin County, North Carolina",944,89,855
15000US371970501012,"Block Group 2, Census Tract 501.01, Yadkin County, North Carolina",953,47,906
15000US371970501013,"Block Group 3, Census Tract 501.01, Yadkin County, North Carolina",426,89,337
15000US371970501021,"Block Group 1, Census Tract 501.02, Yadkin County, North Carolina",446,116,330
15000US371970501022,"Block Group 2, Census Tract 501.02, Yadkin County, North Carolina",365,81,284
15000US371970501023,"Block Group 3, Census Tract 501.02, Yadkin County, North Carolina",870,109,761
15000US371970502001,"Block Group 1, Census Tract 502, Yadkin County, North Carolina",673,89,584
15000US371970502002,"Block Group 2, Census Tract 502, Yadkin County, North Carolina",745,109,636
15000US371970502003,"Block Group 3, Census Tract 502, Yadkin County, North Carolina",502,63,439
15000US371970503001,"Block Group 1, Census Tract 503, Yadkin County, North Carolina",391,90,301
15000US371970503002,"Block Group 2, Census Tract 503, Yadkin County, North Carolina",336,40,296
15000US371970503003,"Block Group 3, Census Tract 503, Yadkin County, North Carolina",355,95,260
15000US371970503004,"Block Group 4, Census Tract 503, Yadkin County, North Carolina",391,149,242
15000US371970503005,"Block Group 5, Census Tract 503, Yadkin County, North Carolina",316,27,289
15000US371970503006,"Block Group 6, Census Tract 503, Yadkin County, North Carolina",737,89,648
15000US371970504001,"Block Group 1, Census Tract 504, Yadkin County, North Carolina",370,31,339
15000US371970504002,"Block Group 2, Census Tract 504, Yadkin County, North Carolina",282,56,226
15000US371970504003,"Block Group 3, Census Tract 504, Yadkin County, North Carolina",653,177,476
15000US371970504004,"Block Group 4, Census Tract 504, Yadkin County, North Carolina",837,75,762
15000US371970504005,"Block Group 5, Census Tract 504, Yadkin County, North Carolina",285,70,215
15000US371970505011,"Block Group 1, Census Tract 505.01, Yadkin County, North Carolina",496,49,447
15000US371970505012,"Block Group 2, Census Tract 505.01, Yadkin County, North Carolina",529,19,510
15000US371970505013,"Block Group 3, Census Tract 505.01, Yadkin County, North Carolina",475,69,406
15000US371970505014,"Block Group 4, Census Tract 505.01, Yadkin County, North Carolina",590,13,577
15000US371970505015,"Block Group 5, Census Tract 505.01, Yadkin County, North Carolina",728,48,680
15000US371970505021,"Block Group 1, Census Tract 505.02, Yadkin County, North Carolina",679,32,647
15000US371970505022,"Block Group 2, Census Tract 505.02, Yadkin County, North Carolina",642,78,564
15000US371970505023,"Block Group 3, Census Tract 505.02, Yadkin County, North Carolina",409,64,345
15000US371999601011,"Block Group 1, Census Tract 9601.01, Yancey County, North Carolina",706,136,570
15000US371999601012,"Block Group 2, Census Tract 9601.01, Yancey County, North Carolina",855,122,733
15000US371999601021,"Block Group 1, Census Tract 9601.02, Yancey County, North Carolina",505,64,441
15000US371999601022,"Block Group 2, Census Tract 9601.02, Yancey County, North Carolina",353,83,270
15000US371999602001,"Block Group 1, Census Tract 9602, Yancey County, North Carolina",246,60,186
15000US371999602002,"Block Group 2, Census Tract 9602, Yancey County, North Carolina",398,10,388
15000US371999602003,"Block Group 3, Census Tract 9602, Yancey County, North Carolina",550,179,371
15000US371999602004,"Block Group 4, Census Tract 9602, Yancey County, North Carolina",669,86,583
15000US371999603001,"Block Group 1, Census Tract 9603, Yancey County, North Carolina",668,153,515
15000US371999603002,"Block Group 2, Census Tract 9603, Yancey County, North Carolina",673,79,594
15000US371999604001,"Block Group 1, Census Tract 9604, Yancey County, North Carolina",757,121,636
15000US371999604002,"Block Group 2, Census Tract 9604, Yancey County, North Carolina",545,96,449
15000US371999604003,"Block Group 3, Census Tract 9604, Yancey County, North Carolina",585,43,542
