avg_vehicles,veh0,veh1,veh2,veh3
0,0.9851,0,0.0149,0
0.01,0.9786,0.0125,0.0089,0
0.02,0.9707,0.0261,0.0032,0
0.03,0.9606,0.0394,0,0
0.04,0.9473,0.0525,0,2e-4
0.05,0.9316,0.0653,0,0.0031
0.06,0.9161,0.078,0,0.0059
0.07,0.9011,0.0904,0,0.0085
0.08,0.8863,0.1026,0,0.0111
0.09,0.8717,0.1147,0,0.0136
0.1,0.8575,0.1265,0,0.016
0.11,0.8437,0.1381,0,0.0182
0.12,0.8302,0.1494,0,0.0204
0.13,0.8169,0.1606,0,0.0225
0.14,0.8039,0.1716,0,0.0245
0.15,0.7912,0.1824,0,0.0264
0.16,0.7787,0.193,0,0.0283
0.17,0.7666,0.2034,0,0.03
0.18,0.7547,0.2136,0,0.0317
0.19,0.7432,0.2235,0,0.0333
0.2,0.7318,0.2334,0,0.0348
0.21,0.7208,0.243,0,0.0362
0.22,0.71,0.2524,0,0.0376
0.23,0.6995,0.2616,0,0.0389
0.24,0.6892,0.2707,0,0.0401
0.25,0.6793,0.2795,0,0.0412
0.26,0.6695,0.2882,0,0.0423
0.27,0.66,0.2967,0,0.0433
0.28,0.6506,0.3051,0,0.0443
0.29,0.6416,0.3132,0,0.0452
0.3,0.6328,0.3212,0,0.046
0.31,0.6242,0.329,0,0.0468
0.32,0.6159,0.3366,0,0.0475
0.33,0.6077,0.3441,0,0.0482
0.34,0.5998,0.3514,0,0.0488
0.35,0.5922,0.3585,0,0.0493
0.36,0.5848,0.3654,0,0.0498
0.37,0.5775,0.3722,0,0.0503
0.38,0.5704,0.3789,0,0.0507
0.39,0.5636,0.3853,0,0.0511
0.4,0.5569,0.3917,0,0.0514
0.41,0.5506,0.3978,0,0.0516
0.42,0.5443,0.4038,0,0.0519
0.43,0.5383,0.4096,0,0.0521
0.44,0.5325,0.4153,0,0.0522
0.45,0.5267,0.4209,0,0.0524
0.46,0.5213,0.4263,0,0.0524
0.47,0.516,0.4315,0,0.0525
0.48,0.5109,0.4366,0,0.0525
0.49,0.5059,0.4416,0,0.0525
0.5,0.5011,0.4464,0,0.0525
0.51,0.4966,0.451,0,0.0524
0.52,0.4922,0.4555,0,0.0523
0.53,0.4879,0.4599,0,0.0522
0.54,0.4837,0.4642,0,0.0521
0.55,0.4798,0.4683,0,0.0519
0.56,0.476,0.4723,0,0.0517
0.57,0.4724,0.4761,0,0.0515
0.58,0.4689,0.4798,0,0.0513
0.59,0.4655,0.4834,0,0.0511
0.6,0.4704,0.4788,0,0.0508
0.61,0.4638,0.4856,0,0.0506
0.62,0.4573,0.4924,0,0.0503
0.63,0.4508,0.4965,0.0027,0.05
0.64,0.4444,0.4994,0.0065,0.0497
0.65,0.438,0.5023,0.0103,0.0494
0.66,0.4318,0.5049,0.0142,0.0491
0.67,0.4255,0.5075,0.0182,0.0488
0.68,0.4194,0.51,0.0222,0.0484
0.69,0.4133,0.5124,0.0262,0.0481
0.7,0.4072,0.5146,0.0304,0.0478
0.71,0.4013,0.5168,0.0345,0.0474
0.72,0.3954,0.5187,0.0388,0.0471
0.73,0.3895,0.5207,0.043,0.0468
0.74,0.3837,0.5225,0.0474,0.0464
0.75,0.378,0.5242,0.0517,0.0461
0.76,0.3723,0.5258,0.0561,0.0458
0.77,0.3667,0.5272,0.0606,0.0455
0.78,0.3612,0.5286,0.0651,0.0451
0.79,0.3557,0.5299,0.0696,0.0448
0.8,0.3502,0.5312,0.0741,0.0445
0.81,0.3449,0.5322,0.0787,0.0442
0.82,0.3396,0.5331,0.0834,0.0439
0.83,0.3343,0.534,0.088,0.0437
0.84,0.3291,0.5348,0.0927,0.0434
0.85,0.324,0.5354,0.0974,0.0432
0.86,0.3189,0.5361,0.1021,0.0429
0.87,0.3138,0.5367,0.1068,0.0427
0.88,0.3089,0.537,0.1116,0.0425
0.89,0.304,0.5373,0.1164,0.0423
0.9,0.2991,0.5376,0.1211,0.0422
0.91,0.2943,0.5378,0.1259,0.042
0.92,0.2895,0.5378,0.1308,0.0419
0.93,0.2848,0.5378,0.1356,0.0418
0.94,0.2802,0.5377,0.1404,0.0417
0.95,0.2756,0.5375,0.1453,0.0416
0.96,0.2711,0.5373,0.1501,0.0415
0.97,0.2666,0.537,0.1549,0.0415
0.98,0.2622,0.5365,0.1598,0.0415
0.99,0.2578,0.5361,0.1646,0.0415
1,0.2535,0.5354,0.1695,0.0416
1.01,0.2492,0.5348,0.1743,0.0417
1.02,0.245,0.5341,0.1791,0.0418
1.03,0.2408,0.5333,0.184,0.0419
1.04,0.2367,0.5324,0.1888,0.0421
1.05,0.2326,0.5316,0.1936,0.0422
1.06,0.2286,0.5305,0.1984,0.0425
1.07,0.2246,0.5296,0.2031,0.0427
1.08,0.2207,0.5284,0.2079,0.043
1.09,0.2168,0.5272,0.2127,0.0433
1.1,0.213,0.526,0.2174,0.0436
1.11,0.2093,0.5246,0.2221,0.044
1.12,0.2055,0.5233,0.2268,0.0444
1.13,0.2019,0.5217,0.2315,0.0449
1.14,0.1982,0.5203,0.2361,0.0454
1.15,0.1946,0.5188,0.2407,0.0459
1.16,0.1911,0.5172,0.2453,0.0464
1.17,0.1876,0.5155,0.2499,0.047
1.18,0.1842,0.5138,0.2544,0.0476
1.19,0.1808,0.5119,0.259,0.0483
1.2,0.1774,0.5102,0.2634,0.049
1.21,0.1741,0.5083,0.2679,0.0497
1.22,0.1709,0.5063,0.2723,0.0505
1.23,0.1677,0.5043,0.2767,0.0513
1.24,0.1645,0.5023,0.281,0.0522
1.25,0.1614,0.5002,0.2853,0.0531
1.26,0.1583,0.4981,0.2896,0.054
1.27,0.1552,0.496,0.2938,0.055
1.28,0.1522,0.4938,0.298,0.056
1.29,0.1493,0.4915,0.3022,0.057
1.3,0.1464,0.4892,0.3063,0.0581
1.31,0.1435,0.4869,0.3103,0.0593
1.32,0.1407,0.4844,0.3144,0.0605
1.33,0.1379,0.4821,0.3183,0.0617
1.34,0.1352,0.4795,0.3223,0.063
1.35,0.1325,0.4771,0.3261,0.0643
1.36,0.1298,0.4746,0.33,0.0656
1.37,0.1272,0.472,0.3338,0.067
1.38,0.1246,0.4694,0.3375,0.0685
1.39,0.122,0.4668,0.3412,0.07
1.4,0.1195,0.4642,0.3448,0.0715
1.41,0.1171,0.4614,0.3484,0.0731
1.42,0.1146,0.4588,0.3519,0.0747
1.43,0.1122,0.456,0.3554,0.0764
1.44,0.1099,0.4532,0.3588,0.0781
1.45,0.1076,0.4504,0.3622,0.0798
1.46,0.1053,0.4476,0.3655,0.0816
1.47,0.1031,0.4447,0.36870000000000003,0.0835
1.48,0.1009,0.4418,0.3719,0.0854
1.49,0.0987,0.4389,0.3751,0.0873
1.5,0.0966,0.4359,0.3782,0.0893
1.51,0.0945,0.4329,0.3812,0.0914
1.52,0.0924,0.4301,0.3841,0.0934
1.53,0.0904,0.427,0.387,0.0956
1.54,0.0884,0.424,0.3899,0.0977
1.55,0.0864,0.4211,0.3926,0.0999
1.56,0.0845,0.4179,0.3954,0.1022
1.57,0.0826,0.4149,0.398,0.1045
1.58,0.0808,0.4117,0.4006,0.1069
1.59,0.0789,0.4087,0.4031,0.1093
1.6,0.0772,0.4055,0.4056,0.1117
1.61,0.0754,0.4024,0.408,0.1142
1.62,0.0737,0.3993,0.4102,0.1168
1.63,0.072,0.3961,0.4126,0.1193
1.64,0.0703,0.393,0.4147,0.122
1.65,0.0687,0.3898,0.4169,0.1246
1.66,0.0671,0.3866,0.4189,0.1274
1.67,0.0655,0.3834,0.421,0.1301
1.68,0.064,0.3802,0.4229,0.1329
1.69,0.0625,0.377,0.4247,0.1358
1.7,0.061,0.3738,0.4265,0.1387
1.71,0.0596,0.3705,0.4283,0.1416
1.72,0.0581,0.3673,0.43,0.1446
1.73,0.0567,0.3641,0.4315,0.1477
1.74,0.0554,0.3608,0.4331,0.1507
1.75,0.054,0.3576,0.4346,0.1538
1.76,0.0527,0.3544,0.4359,0.157
1.77,0.0515,0.3511,0.4372,0.1602
1.78,0.0502,0.3479,0.4384,0.1635
1.79,0.049,0.3446,0.4397,0.1667
1.8,0.0478,0.3414,0.4407,0.1701
1.81,0.0466,0.3381,0.4419,0.1734
1.82,0.0455,0.3349,0.4427,0.1769
1.83,0.0443,0.3317,0.4437,0.1803
1.84,0.0432,0.3284,0.4446,0.1838
1.85,0.0422,0.3252,0.4453,0.1873
1.86,0.0411,0.322,0.446,0.1909
1.87,0.0401,0.3187,0.4467,0.1945
1.88,0.0391,0.3155,0.4472,0.1982
1.89,0.0381,0.3123,0.4477,0.2019
1.9,0.0372,0.3091,0.4481,0.2056
1.91,0.0362,0.3059,0.4486,0.2093
1.92,0.0353,0.3027,0.4489,0.2131
1.93,0.0345,0.2996,0.4489,0.217
1.94,0.0336,0.2964,0.4492,0.2208
1.95,0.0328,0.2932,0.4492,0.2248
1.96,0.0319,0.2901,0.4493,0.2287
1.97,0.0311,0.287,0.4492,0.2327
1.98,0.0304,0.2838,0.4491,0.2367
1.99,0.0296,0.2807,0.449,0.2407
2,0.0289,0.2776,0.4487,0.2448
2.01,0.0282,0.2746,0.4483,0.2489
2.02,0.0275,0.2715,0.448,0.253
2.03,0.0268,0.2684,0.4476,0.2572
2.04,0.0261,0.2654,0.4471,0.2614
2.05,0.0255,0.2624,0.4465,0.2656
2.06,0.0249,0.2594,0.4459,0.2698
2.07,0.0243,0.2564,0.4452,0.2741
2.08,0.0237,0.2534,0.4445,0.2784
2.09,0.0231,0.2505,0.4436,0.2828
2.1,0.0226,0.2475,0.4428,0.2871
2.11,0.0221,0.2446,0.4418,0.2915
2.12,0.0215,0.2417,0.4409,0.2959
2.13,0.021,0.2388,0.4399,0.3003
2.14,0.0206,0.236,0.4386,0.3048
2.15,0.0201,0.2331,0.4376,0.3092
2.16,0.0196,0.2303,0.4364,0.3137
2.17,0.0192,0.2275,0.4351,0.3182
2.18,0.0188,0.2248,0.4336,0.3228
2.19,0.0184,0.222,0.4323,0.3273
2.2,0.018,0.2193,0.4308,0.3319
2.21,0.0176,0.2166,0.4293,0.3365
2.22,0.0172,0.2139,0.4278,0.3411
2.23,0.0169,0.2113,0.4261,0.3457
2.24,0.0166,0.2087,0.4244,0.3503
2.25,0.0162,0.2061,0.4228,0.3549
2.26,0.0159,0.2035,0.421,0.3596
2.27,0.0156,0.2009,0.4193,0.3642
2.28,0.0153,0.1984,0.4174,0.3689
2.29,0.0151,0.1959,0.4154,0.3736
2.3,0.0148,0.1935,0.4134,0.3783
2.31,0.0145,0.191,0.4116,0.3829
2.32,0.0143,0.1886,0.4095,0.3876
2.33,0.0141,0.1862,0.4074,0.3923
2.34,0.0138,0.1839,0.4053,0.397
2.35,0.0136,0.1815,0.4032,0.4017
2.36,0.0134,0.1792,0.4009,0.4065
2.37,0.0132,0.177,0.3986,0.4112
2.38,0.013,0.1747,0.3964,0.4159
2.39,0.0129,0.1725,0.394,0.4206
2.4,0.0127,0.1704,0.3917,0.4252
2.41,0.0125,0.1682,0.3893,0.43
2.42,0.0124,0.1661,0.3869,0.4346
2.43,0.0122,0.164,0.3844,0.4394
2.44,0.0121,0.162,0.3819,0.444
2.45,0.012,0.1599,0.3794,0.4487
2.46,0.0118,0.158,0.3769,0.4533
2.47,0.0117,0.156,0.3743,0.458
2.48,0.0116,0.1541,0.3717,0.4626
2.49,0.0115,0.1522,0.3691,0.4672
2.5,0.0114,0.1504,0.3665,0.4717
2.51,0.0113,0.1485,0.3638,0.4764
2.52,0.0112,0.1467,0.3611,0.481
2.53,0.0111,0.145,0.3584,0.4855
2.54,0.011,0.1433,0.3557,0.49
2.55,0.011,0.1416,0.353,0.4944
2.56,0.0109,0.1399,0.3502,0.499
2.57,0.0108,0.1383,0.3475,0.5034
2.58,0.0107,0.1368,0.3447,0.5078
2.59,0.0107,0.1352,0.3419,0.5122
2.6,0.0106,0.1337,0.3391,0.5166
2.61,0.0105,0.1322,0.3363,0.521
2.62,0.0105,0.1308,0.3335,0.5252
2.63,0.0104,0.1294,0.3307,0.5295
2.64,0.0104,0.128,0.3279,0.5337
2.65,0.0103,0.1267,0.3251,0.5379
2.66,0.0102,0.1254,0.3223,0.5421
2.67,0.0102,0.1242,0.3195,0.5461
2.68,0.0101,0.123,0.3167,0.5502
2.69,0.0101,0.1218,0.3139,0.5542
2.7,0.01,0.1206,0.3111,0.5583
2.71,0.01,0.1195,0.3083,0.5622
2.72,0.0099,0.1185,0.3055,0.5661
2.73,0.0098,0.1174,0.3028,0.57
2.74,0.0098,0.1164,0.3,0.5738
2.75,0.0097,0.1155,0.2973,0.5775
2.76,0.0097,0.1146,0.2946,0.5811
2.77,0.0096,0.1137,0.2919,0.5848
2.78,0.0095,0.1129,0.2893,0.5883
2.79,0.0094,0.112,0.2866,0.592
2.8,0.0094,0.1113,0.284,0.5953
2.81,0.0093,0.1106,0.2814,0.5987
2.82,0.0092,0.1099,0.2789,0.602
2.83,0.0091,0.1092,0.2764,0.6053
2.84,0.009,0.1086,0.2739,0.6085
2.85,0.0089,0.108,0.2714,0.6117
2.86,0.0088,0.1075,0.269,0.6147
2.87,0.0087,0.107,0.2667,0.6176
2.88,0.0086,0.1065,0.2643,0.6206
2.89,0.0085,0.1061,0.2621,0.6233
2.9,0.0083,0.1057,0.2598,0.6262
2.91,0.0082,0.1054,0.2576,0.6288
2.92,0.0081,0.1051,0.2555,0.6313
2.93,0.0079,0.1048,0.2534,0.6339
2.94,0.0078,0.1046,0.2514,0.6362
2.95,0.0076,0.1044,0.2494,0.6386
2.96,0.0074,0.1042,0.2475,0.6409
2.97,0.0073,0.1041,0.2457,0.6429
2.98,0.0071,0.104,0.2439,0.645
2.99,0.0069,0.104,0.2422,0.6469
3,0.0067,0.104,0.2405,0.6488
