id,name,total,poverty,non_poverty
1500000US370370202003,"Block Group 3, Census Tract 202, Chatham County, North Carolina",1010,65,945
1500000US370370202004,"Block Group 4, Census Tract 202, Chatham County, North Carolina",963,151,812
1500000US370370208004,"Block Group 4, Census Tract 208, Chatham County, North Carolina",907,100,807
1500000US370370208002,"Block Group 2, Census Tract 208, Chatham County, North Carolina",1204,111,1093
1500000US370370208003,"Block Group 3, Census Tract 208, Chatham County, North Carolina",819,27,792
1500000US370370201032,"Block Group 2, Census Tract 201.03, Chatham County, North Carolina",298,28,270
1500000US370370201041,"Block Group 1, Census Tract 201.04, Chatham County, North Carolina",1118,80,1038
1500000US370370201051,"Block Group 1, Census Tract 201.05, Chatham County, North Carolina",659,72,587
1500000US370370201052,"Block Group 2, Census Tract 201.05, Chatham County, North Carolina",1383,69,1314
1500000US370370201061,"Block Group 1, Census Tract 201.06, Chatham County, North Carolina",517,67,450
1500000US370370201063,"Block Group 3, Census Tract 201.06, Chatham County, North Carolina",563,93,470
1500000US370370207011,"Block Group 1, Census Tract 207.01, Chatham County, North Carolina",3172,77,3095
1500000US370370207021,"Block Group 1, Census Tract 207.02, Chatham County, North Carolina",621,34,587
1500000US370370208001,"Block Group 1, Census Tract 208, Chatham County, North Carolina",1170,117,1053
1500000US370370206002,"Block Group 2, Census Tract 206, Chatham County, North Carolina",803,147,656
1500000US370370201031,"Block Group 1, Census Tract 201.03, Chatham County, North Carolina",1582,168,1414
1500000US370370201042,"Block Group 2, Census Tract 201.04, Chatham County, North Carolina",1354,18,1336
1500000US370370201062,"Block Group 2, Census Tract 201.06, Chatham County, North Carolina",639,41,598
1500000US370370207022,"Block Group 2, Census Tract 207.02, Chatham County, North Carolina",556,50,506
1500000US370630020182,"Block Group 2, Census Tract 20.18, Durham County, North Carolina",1777,218,1559
1500000US370630016013,"Block Group 3, Census Tract 16.01, Durham County, North Carolina",568,13,555
1500000US370630016012,"Block Group 2, Census Tract 16.01, Durham County, North Carolina",1256,100,1156
1500000US370630009001,"Block Group 1, Census Tract 9, Durham County, North Carolina",403,131,272
1500000US370630004021,"Block Group 1, Census Tract 4.02, Durham County, North Carolina",1257,206,1051
1500000US370630006002,"Block Group 2, Census Tract 6, Durham County, North Carolina",899,117,782
1500000US370630006001,"Block Group 1, Census Tract 6, Durham County, North Carolina",1151,82,1069
1500000US370630018015,"Block Group 5, Census Tract 18.01, Durham County, North Carolina",191,29,162
1500000US370630018011,"Block Group 1, Census Tract 18.01, Durham County, North Carolina",621,26,595
1500000US370630019002,"Block Group 2, Census Tract 19, Durham County, North Carolina",1090,61,1029
1500000US370630020072,"Block Group 2, Census Tract 20.07, Durham County, North Carolina",1101,100,1001
1500000US370630020071,"Block Group 1, Census Tract 20.07, Durham County, North Carolina",908,60,848
1500000US370630001011,"Block Group 1, Census Tract 1.01, Durham County, North Carolina",543,134,409
1500000US370630001021,"Block Group 1, Census Tract 1.02, Durham County, North Carolina",1131,349,782
1500000US370630018022,"Block Group 2, Census Tract 18.02, Durham County, North Carolina",778,312,466
1500000US370630018021,"Block Group 1, Census Tract 18.02, Durham County, North Carolina",813,172,641
1500000US370630020152,"Block Group 2, Census Tract 20.15, Durham County, North Carolina",795,128,667
1500000US370630005001,"Block Group 1, Census Tract 5, Durham County, North Carolina",117,80,37
1500000US370630005004,"Block Group 4, Census Tract 5, Durham County, North Carolina",643,230,413
1500000US370630005003,"Block Group 3, Census Tract 5, Durham County, North Carolina",516,137,379
1500000US370630005002,"Block Group 2, Census Tract 5, Durham County, North Carolina",287,21,266
1500000US370630011002,"Block Group 2, Census Tract 11, Durham County, North Carolina",542,228,314
1500000US370630014001,"Block Group 1, Census Tract 14, Durham County, North Carolina",200,20,180
1500000US370630014002,"Block Group 2, Census Tract 14, Durham County, North Carolina",721,442,279
1500000US370630015021,"Block Group 1, Census Tract 15.02, Durham County, North Carolina",1300,462,838
1500000US370630017081,"Block Group 1, Census Tract 17.08, Durham County, North Carolina",1739,262,1477
1500000US370630020093,"Block Group 3, Census Tract 20.09, Durham County, North Carolina",684,171,513
1500000US370630020092,"Block Group 2, Census Tract 20.09, Durham County, North Carolina",536,141,395
1500000US370630002001,"Block Group 1, Census Tract 2, Durham County, North Carolina",421,92,329
1500000US370630002002,"Block Group 2, Census Tract 2, Durham County, North Carolina",403,71,332
1500000US370630002003,"Block Group 3, Census Tract 2, Durham County, North Carolina",375,7,368
1500000US370630016041,"Block Group 1, Census Tract 16.04, Durham County, North Carolina",795,35,760
1500000US370630016042,"Block Group 2, Census Tract 16.04, Durham County, North Carolina",1141,0,1141
1500000US370630016043,"Block Group 3, Census Tract 16.04, Durham County, North Carolina",662,86,576
1500000US370630017061,"Block Group 1, Census Tract 17.06, Durham County, North Carolina",1497,245,1252
1500000US370630017073,"Block Group 3, Census Tract 17.07, Durham County, North Carolina",213,0,213
1500000US370630017071,"Block Group 1, Census Tract 17.07, Durham County, North Carolina",438,15,423
1500000US370630020161,"Block Group 1, Census Tract 20.16, Durham County, North Carolina",1248,177,1071
1500000US370630010011,"Block Group 1, Census Tract 10.01, Durham County, North Carolina",304,60,244
1500000US370630010013,"Block Group 3, Census Tract 10.01, Durham County, North Carolina",496,156,340
1500000US370630010021,"Block Group 1, Census Tract 10.02, Durham County, North Carolina",831,421,410
1500000US370630010024,"Block Group 4, Census Tract 10.02, Durham County, North Carolina",614,269,345
1500000US370630010023,"Block Group 3, Census Tract 10.02, Durham County, North Carolina",352,92,260
1500000US370630010022,"Block Group 2, Census Tract 10.02, Durham County, North Carolina",394,148,246
1500000US370630013011,"Block Group 1, Census Tract 13.01, Durham County, North Carolina",561,148,413
1500000US370630013031,"Block Group 1, Census Tract 13.03, Durham County, North Carolina",462,162,300
1500000US370630015031,"Block Group 1, Census Tract 15.03, Durham County, North Carolina",0,0,0
1500000US370630016032,"Block Group 2, Census Tract 16.03, Durham County, North Carolina",1255,125,1130
1500000US370630016033,"Block Group 3, Census Tract 16.03, Durham County, North Carolina",453,12,441
1500000US370630004011,"Block Group 1, Census Tract 4.01, Durham County, North Carolina",423,16,407
1500000US370630017051,"Block Group 1, Census Tract 17.05, Durham County, North Carolina",641,101,540
1500000US370630017052,"Block Group 2, Census Tract 17.05, Durham County, North Carolina",1022,98,924
1500000US370630004013,"Block Group 3, Census Tract 4.01, Durham County, North Carolina",379,16,363
1500000US370630007001,"Block Group 1, Census Tract 7, Durham County, North Carolina",741,177,564
1500000US370630017091,"Block Group 1, Census Tract 17.09, Durham County, North Carolina",325,108,217
1500000US370630017093,"Block Group 3, Census Tract 17.09, Durham County, North Carolina",2069,597,1472
1500000US370630020081,"Block Group 1, Census Tract 20.08, Durham County, North Carolina",362,0,362
1500000US370630020082,"Block Group 2, Census Tract 20.08, Durham County, North Carolina",879,0,879
1500000US370630020132,"Block Group 2, Census Tract 20.13, Durham County, North Carolina",476,59,417
1500000US370630003011,"Block Group 1, Census Tract 3.01, Durham County, North Carolina",548,127,421
1500000US370630003012,"Block Group 2, Census Tract 3.01, Durham County, North Carolina",263,65,198
1500000US370630003021,"Block Group 1, Census Tract 3.02, Durham County, North Carolina",412,10,402
1500000US370630003023,"Block Group 3, Census Tract 3.02, Durham County, North Carolina",663,188,475
1500000US370630015011,"Block Group 1, Census Tract 15.01, Durham County, North Carolina",34,29,5
1500000US370630020172,"Block Group 2, Census Tract 20.17, Durham County, North Carolina",683,40,643
1500000US370630020171,"Block Group 1, Census Tract 20.17, Durham County, North Carolina",873,11,862
1500000US370630021003,"Block Group 3, Census Tract 21, Durham County, North Carolina",752,111,641
1500000US370630021001,"Block Group 1, Census Tract 21, Durham County, North Carolina",971,44,927
1500000US370630021002,"Block Group 2, Census Tract 21, Durham County, North Carolina",870,81,789
1500000US370630020201,"Block Group 1, Census Tract 20.20, Durham County, North Carolina",752,8,744
1500000US370630020202,"Block Group 2, Census Tract 20.20, Durham County, North Carolina",1855,0,1855
1500000US370630020212,"Block Group 2, Census Tract 20.21, Durham County, North Carolina",481,142,339
1500000US370630020221,"Block Group 1, Census Tract 20.22, Durham County, North Carolina",1219,103,1116
1500000US370630020231,"Block Group 1, Census Tract 20.23, Durham County, North Carolina",674,7,667
1500000US370630020232,"Block Group 2, Census Tract 20.23, Durham County, North Carolina",684,7,677
1500000US370630020242,"Block Group 2, Census Tract 20.24, Durham County, North Carolina",616,16,600
1500000US370630020243,"Block Group 3, Census Tract 20.24, Durham County, North Carolina",682,114,568
1500000US370630020271,"Block Group 1, Census Tract 20.27, Durham County, North Carolina",664,84,580
1500000US370630020251,"Block Group 1, Census Tract 20.25, Durham County, North Carolina",926,33,893
1500000US370630020253,"Block Group 3, Census Tract 20.25, Durham County, North Carolina",605,56,549
1500000US370630020261,"Block Group 1, Census Tract 20.26, Durham County, North Carolina",1310,192,1118
1500000US370630020272,"Block Group 2, Census Tract 20.27, Durham County, North Carolina",2734,428,2306
1500000US370630020281,"Block Group 1, Census Tract 20.28, Durham County, North Carolina",1119,12,1107
1500000US370630020282,"Block Group 2, Census Tract 20.28, Durham County, North Carolina",1059,137,922
1500000US370630022001,"Block Group 1, Census Tract 22, Durham County, North Carolina",1015,195,820
1500000US370630023001,"Block Group 1, Census Tract 23, Durham County, North Carolina",238,92,146
1500000US370639801001,"Block Group 1, Census Tract 9801, Durham County, North Carolina",0,0,0
1500000US370630018072,"Block Group 2, Census Tract 18.07, Durham County, North Carolina",1332,59,1273
1500000US370630018073,"Block Group 3, Census Tract 18.07, Durham County, North Carolina",983,75,908
1500000US370630018082,"Block Group 2, Census Tract 18.08, Durham County, North Carolina",2741,77,2664
1500000US370630018091,"Block Group 1, Census Tract 18.09, Durham County, North Carolina",1764,152,1612
1500000US370630018092,"Block Group 2, Census Tract 18.09, Durham County, North Carolina",927,85,842
1500000US370630020162,"Block Group 2, Census Tract 20.16, Durham County, North Carolina",1226,310,916
1500000US370630020173,"Block Group 3, Census Tract 20.17, Durham County, North Carolina",1947,246,1701
1500000US370630020191,"Block Group 1, Census Tract 20.19, Durham County, North Carolina",669,37,632
1500000US370630020192,"Block Group 2, Census Tract 20.19, Durham County, North Carolina",949,123,826
1500000US370630013041,"Block Group 1, Census Tract 13.04, Durham County, North Carolina",1171,356,815
1500000US370630017101,"Block Group 1, Census Tract 17.10, Durham County, North Carolina",1216,164,1052
1500000US370630017102,"Block Group 2, Census Tract 17.10, Durham County, North Carolina",572,62,510
1500000US370630017113,"Block Group 3, Census Tract 17.11, Durham County, North Carolina",813,123,690
1500000US370630017111,"Block Group 1, Census Tract 17.11, Durham County, North Carolina",545,57,488
1500000US370630017112,"Block Group 2, Census Tract 17.11, Durham County, North Carolina",847,150,697
1500000US370630018014,"Block Group 4, Census Tract 18.01, Durham County, North Carolina",535,193,342
1500000US370630018013,"Block Group 3, Census Tract 18.01, Durham County, North Carolina",989,205,784
1500000US370630015023,"Block Group 3, Census Tract 15.02, Durham County, North Carolina",1028,353,675
1500000US370630001022,"Block Group 2, Census Tract 1.02, Durham County, North Carolina",717,105,612
1500000US370630006003,"Block Group 3, Census Tract 6, Durham County, North Carolina",245,0,245
1500000US370630015024,"Block Group 4, Census Tract 15.02, Durham County, North Carolina",212,109,103
1500000US370630017074,"Block Group 4, Census Tract 17.07, Durham County, North Carolina",928,48,880
1500000US370630017075,"Block Group 5, Census Tract 17.07, Durham County, North Carolina",854,85,769
1500000US370630018061,"Block Group 1, Census Tract 18.06, Durham County, North Carolina",739,176,563
1500000US370630018062,"Block Group 2, Census Tract 18.06, Durham County, North Carolina",1699,106,1593
1500000US370630020181,"Block Group 1, Census Tract 20.18, Durham County, North Carolina",1466,105,1361
1500000US370630016011,"Block Group 1, Census Tract 16.01, Durham County, North Carolina",451,0,451
1500000US370630009002,"Block Group 2, Census Tract 9, Durham County, North Carolina",261,86,175
1500000US370630020073,"Block Group 3, Census Tract 20.07, Durham County, North Carolina",287,0,287
1500000US370630018012,"Block Group 2, Census Tract 18.01, Durham County, North Carolina",356,43,313
1500000US370630019001,"Block Group 1, Census Tract 19, Durham County, North Carolina",798,42,756
1500000US370630001012,"Block Group 2, Census Tract 1.01, Durham County, North Carolina",666,168,498
1500000US370630018023,"Block Group 3, Census Tract 18.02, Durham County, North Carolina",666,117,549
1500000US370630020151,"Block Group 1, Census Tract 20.15, Durham County, North Carolina",1160,254,906
1500000US370630011001,"Block Group 1, Census Tract 11, Durham County, North Carolina",770,252,518
1500000US370630015022,"Block Group 2, Census Tract 15.02, Durham County, North Carolina",530,219,311
1500000US370630020091,"Block Group 1, Census Tract 20.09, Durham County, North Carolina",645,112,533
1500000US370630017072,"Block Group 2, Census Tract 17.07, Durham County, North Carolina",685,14,671
1500000US370630010012,"Block Group 2, Census Tract 10.01, Durham County, North Carolina",602,269,333
1500000US370630013032,"Block Group 2, Census Tract 13.03, Durham County, North Carolina",289,52,237
1500000US370630016031,"Block Group 1, Census Tract 16.03, Durham County, North Carolina",280,64,216
1500000US370630007002,"Block Group 2, Census Tract 7, Durham County, North Carolina",572,37,535
1500000US370630016034,"Block Group 4, Census Tract 16.03, Durham County, North Carolina",701,0,701
1500000US370630017053,"Block Group 3, Census Tract 17.05, Durham County, North Carolina",702,90,612
1500000US370630004012,"Block Group 2, Census Tract 4.01, Durham County, North Carolina",456,15,441
1500000US370630017092,"Block Group 2, Census Tract 17.09, Durham County, North Carolina",385,95,290
1500000US370630020133,"Block Group 3, Census Tract 20.13, Durham County, North Carolina",876,56,820
1500000US370630020131,"Block Group 1, Census Tract 20.13, Durham County, North Carolina",592,26,566
1500000US370630003013,"Block Group 3, Census Tract 3.01, Durham County, North Carolina",354,32,322
1500000US370630003022,"Block Group 2, Census Tract 3.02, Durham County, North Carolina",468,21,447
1500000US370630020211,"Block Group 1, Census Tract 20.21, Durham County, North Carolina",1484,183,1301
1500000US370630020222,"Block Group 2, Census Tract 20.22, Durham County, North Carolina",1180,114,1066
1500000US370630020241,"Block Group 1, Census Tract 20.24, Durham County, North Carolina",1732,92,1640
1500000US370630020252,"Block Group 2, Census Tract 20.25, Durham County, North Carolina",1146,84,1062
1500000US370630023002,"Block Group 2, Census Tract 23, Durham County, North Carolina",147,35,112
1500000US370630020262,"Block Group 2, Census Tract 20.26, Durham County, North Carolina",1569,275,1294
1500000US370630020273,"Block Group 3, Census Tract 20.27, Durham County, North Carolina",1069,230,839
1500000US370630020283,"Block Group 3, Census Tract 20.28, Durham County, North Carolina",2447,37,2410
1500000US370630018081,"Block Group 1, Census Tract 18.08, Durham County, North Carolina",893,0,893
1500000US370630020153,"Block Group 3, Census Tract 20.15, Durham County, North Carolina",391,38,353
1500000US370630020183,"Block Group 3, Census Tract 20.18, Durham County, North Carolina",1235,16,1219
1500000US370630020193,"Block Group 3, Census Tract 20.19, Durham County, North Carolina",874,40,834
1500000US370630017062,"Block Group 2, Census Tract 17.06, Durham County, North Carolina",1032,85,947
1500000US370630018024,"Block Group 4, Census Tract 18.02, Durham County, North Carolina",398,26,372
1500000US370630018071,"Block Group 1, Census Tract 18.07, Durham County, North Carolina",1125,180,945
1500000US370630007003,"Block Group 3, Census Tract 7, Durham County, North Carolina",555,27,528
1500000US370779706012,"Block Group 2, Census Tract 9706.01, Granville County, North Carolina",586,34,552
1500000US370779706021,"Block Group 1, Census Tract 9706.02, Granville County, North Carolina",1645,160,1485
1500000US370779706022,"Block Group 2, Census Tract 9706.02, Granville County, North Carolina",1346,119,1227
1500000US370779706031,"Block Group 1, Census Tract 9706.03, Granville County, North Carolina",250,19,231
1500000US370779707012,"Block Group 2, Census Tract 9707.01, Granville County, North Carolina",1138,92,1046
1500000US370779706032,"Block Group 2, Census Tract 9706.03, Granville County, North Carolina",376,14,362
1500000US370779706033,"Block Group 3, Census Tract 9706.03, Granville County, North Carolina",1845,132,1713
1500000US370779707011,"Block Group 1, Census Tract 9707.01, Granville County, North Carolina",350,17,333
1500000US370779707013,"Block Group 3, Census Tract 9707.01, Granville County, North Carolina",451,92,359
1500000US370779707021,"Block Group 1, Census Tract 9707.02, Granville County, North Carolina",496,110,386
1500000US370779707022,"Block Group 2, Census Tract 9707.02, Granville County, North Carolina",277,18,259
1500000US370779707031,"Block Group 1, Census Tract 9707.03, Granville County, North Carolina",1060,172,888
1500000US370779707032,"Block Group 2, Census Tract 9707.03, Granville County, North Carolina",30,0,30
1500000US370779707041,"Block Group 1, Census Tract 9707.04, Granville County, North Carolina",0,0,0
1500000US370779706011,"Block Group 1, Census Tract 9706.01, Granville County, North Carolina",1373,208,1165
1500000US370850704011,"Block Group 1, Census Tract 704.01, Harnett County, North Carolina",775,170,605
1500000US370850704012,"Block Group 2, Census Tract 704.01, Harnett County, North Carolina",817,109,708
1500000US370850704021,"Block Group 1, Census Tract 704.02, Harnett County, North Carolina",1104,204,900
1500000US370850704023,"Block Group 3, Census Tract 704.02, Harnett County, North Carolina",765,188,577
1500000US370850708011,"Block Group 1, Census Tract 708.01, Harnett County, North Carolina",892,196,696
1500000US370850708022,"Block Group 2, Census Tract 708.02, Harnett County, North Carolina",920,356,564
1500000US370850709011,"Block Group 1, Census Tract 709.01, Harnett County, North Carolina",1146,47,1099
1500000US370850709031,"Block Group 1, Census Tract 709.03, Harnett County, North Carolina",883,120,763
1500000US370850709041,"Block Group 1, Census Tract 709.04, Harnett County, North Carolina",433,76,357
1500000US370850710011,"Block Group 1, Census Tract 710.01, Harnett County, North Carolina",1085,95,990
1500000US370850710012,"Block Group 2, Census Tract 710.01, Harnett County, North Carolina",811,63,748
1500000US370850710022,"Block Group 2, Census Tract 710.02, Harnett County, North Carolina",317,19,298
1500000US370850704022,"Block Group 2, Census Tract 704.02, Harnett County, North Carolina",584,125,459
1500000US370850708021,"Block Group 1, Census Tract 708.02, Harnett County, North Carolina",310,24,286
1500000US370850709021,"Block Group 1, Census Tract 709.02, Harnett County, North Carolina",1096,55,1041
1500000US370850709042,"Block Group 2, Census Tract 709.04, Harnett County, North Carolina",848,64,784
1500000US370850710021,"Block Group 1, Census Tract 710.02, Harnett County, North Carolina",926,81,845
1500000US370690607003,"Block Group 3, Census Tract 607, Franklin County, North Carolina",783,16,767
1500000US370690608012,"Block Group 2, Census Tract 608.01, Franklin County, North Carolina",901,47,854
1500000US370690608021,"Block Group 1, Census Tract 608.02, Franklin County, North Carolina",1136,66,1070
1500000US370690603013,"Block Group 3, Census Tract 603.01, Franklin County, North Carolina",565,51,514
1500000US370690603011,"Block Group 1, Census Tract 603.01, Franklin County, North Carolina",719,117,602
1500000US370690603012,"Block Group 2, Census Tract 603.01, Franklin County, North Carolina",781,83,698
1500000US370690603021,"Block Group 1, Census Tract 603.02, Franklin County, North Carolina",502,156,346
1500000US370690603022,"Block Group 2, Census Tract 603.02, Franklin County, North Carolina",610,148,462
1500000US370690604011,"Block Group 1, Census Tract 604.01, Franklin County, North Carolina",1086,222,864
1500000US370690604021,"Block Group 1, Census Tract 604.02, Franklin County, North Carolina",1054,260,794
1500000US370690604022,"Block Group 2, Census Tract 604.02, Franklin County, North Carolina",246,11,235
1500000US370690604023,"Block Group 3, Census Tract 604.02, Franklin County, North Carolina",712,219,493
1500000US370690605011,"Block Group 1, Census Tract 605.01, Franklin County, North Carolina",1431,82,1349
1500000US370690605021,"Block Group 1, Census Tract 605.02, Franklin County, North Carolina",979,31,948
1500000US370690605022,"Block Group 2, Census Tract 605.02, Franklin County, North Carolina",1257,57,1200
1500000US370690606003,"Block Group 3, Census Tract 606, Franklin County, North Carolina",1143,55,1088
1500000US370690606002,"Block Group 2, Census Tract 606, Franklin County, North Carolina",1295,197,1098
1500000US370690607002,"Block Group 2, Census Tract 607, Franklin County, North Carolina",797,172,625
1500000US370690608011,"Block Group 1, Census Tract 608.01, Franklin County, North Carolina",465,80,385
1500000US370690608022,"Block Group 2, Census Tract 608.02, Franklin County, North Carolina",801,71,730
1500000US370690605012,"Block Group 2, Census Tract 605.01, Franklin County, North Carolina",1247,41,1206
1500000US370690605023,"Block Group 3, Census Tract 605.02, Franklin County, North Carolina",1045,207,838
1500000US370690606001,"Block Group 1, Census Tract 606, Franklin County, North Carolina",1062,140,922
1500000US371010401001,"Block Group 1, Census Tract 401, Johnston County, North Carolina",393,216,177
1500000US371010401004,"Block Group 4, Census Tract 401, Johnston County, North Carolina",444,80,364
1500000US371010407003,"Block Group 3, Census Tract 407, Johnston County, North Carolina",228,64,164
1500000US371010408001,"Block Group 1, Census Tract 408, Johnston County, North Carolina",605,155,450
1500000US371010408003,"Block Group 3, Census Tract 408, Johnston County, North Carolina",311,7,304
1500000US371010402011,"Block Group 1, Census Tract 402.01, Johnston County, North Carolina",603,67,536
1500000US371010402013,"Block Group 3, Census Tract 402.01, Johnston County, North Carolina",1042,126,916
1500000US371010402014,"Block Group 4, Census Tract 402.01, Johnston County, North Carolina",163,71,92
1500000US371010402022,"Block Group 2, Census Tract 402.02, Johnston County, North Carolina",1245,128,1117
1500000US371010402023,"Block Group 3, Census Tract 402.02, Johnston County, North Carolina",355,14,341
1500000US371010402032,"Block Group 2, Census Tract 402.03, Johnston County, North Carolina",1761,221,1540
1500000US371010415033,"Block Group 3, Census Tract 415.03, Johnston County, North Carolina",768,37,731
1500000US371010414004,"Block Group 4, Census Tract 414, Johnston County, North Carolina",355,31,324
1500000US371010414001,"Block Group 1, Census Tract 414, Johnston County, North Carolina",780,196,584
1500000US371010410012,"Block Group 2, Census Tract 410.01, Johnston County, North Carolina",628,70,558
1500000US371010410013,"Block Group 3, Census Tract 410.01, Johnston County, North Carolina",610,7,603
1500000US371010410021,"Block Group 1, Census Tract 410.02, Johnston County, North Carolina",1361,159,1202
1500000US371010410023,"Block Group 3, Census Tract 410.02, Johnston County, North Carolina",1186,30,1156
1500000US371010411011,"Block Group 1, Census Tract 411.01, Johnston County, North Carolina",1074,26,1048
1500000US371010411013,"Block Group 3, Census Tract 411.01, Johnston County, North Carolina",894,40,854
1500000US371010411014,"Block Group 4, Census Tract 411.01, Johnston County, North Carolina",574,0,574
1500000US371010411022,"Block Group 2, Census Tract 411.02, Johnston County, North Carolina",1271,63,1208
1500000US371010411023,"Block Group 3, Census Tract 411.02, Johnston County, North Carolina",1097,25,1072
1500000US371010411032,"Block Group 2, Census Tract 411.03, Johnston County, North Carolina",1431,49,1382
1500000US371010411033,"Block Group 3, Census Tract 411.03, Johnston County, North Carolina",1996,172,1824
1500000US371010412012,"Block Group 2, Census Tract 412.01, Johnston County, North Carolina",487,84,403
1500000US371010412021,"Block Group 1, Census Tract 412.02, Johnston County, North Carolina",205,118,87
1500000US371010415011,"Block Group 1, Census Tract 415.01, Johnston County, North Carolina",556,81,475
1500000US371010415012,"Block Group 2, Census Tract 415.01, Johnston County, North Carolina",1186,198,988
1500000US371010415013,"Block Group 3, Census Tract 415.01, Johnston County, North Carolina",914,0,914
1500000US371010415021,"Block Group 1, Census Tract 415.02, Johnston County, North Carolina",596,51,545
1500000US371010415022,"Block Group 2, Census Tract 415.02, Johnston County, North Carolina",1387,117,1270
1500000US371010415023,"Block Group 3, Census Tract 415.02, Johnston County, North Carolina",911,39,872
1500000US371010415031,"Block Group 1, Census Tract 415.03, Johnston County, North Carolina",1176,18,1158
1500000US371010402033,"Block Group 3, Census Tract 402.03, Johnston County, North Carolina",1076,150,926
1500000US371010403012,"Block Group 2, Census Tract 403.01, Johnston County, North Carolina",391,233,158
1500000US371010403013,"Block Group 3, Census Tract 403.01, Johnston County, North Carolina",1056,206,850
1500000US371010403022,"Block Group 2, Census Tract 403.02, Johnston County, North Carolina",798,152,646
1500000US371010403023,"Block Group 3, Census Tract 403.02, Johnston County, North Carolina",710,152,558
1500000US371010409011,"Block Group 1, Census Tract 409.01, Johnston County, North Carolina",670,67,603
1500000US371010409023,"Block Group 3, Census Tract 409.02, Johnston County, North Carolina",652,41,611
1500000US371010409013,"Block Group 3, Census Tract 409.01, Johnston County, North Carolina",977,67,910
1500000US371010409014,"Block Group 4, Census Tract 409.01, Johnston County, North Carolina",801,0,801
1500000US371010409022,"Block Group 2, Census Tract 409.02, Johnston County, North Carolina",1336,65,1271
1500000US371010401005,"Block Group 5, Census Tract 401, Johnston County, North Carolina",498,0,498
1500000US371010407001,"Block Group 1, Census Tract 407, Johnston County, North Carolina",936,215,721
1500000US371010408002,"Block Group 2, Census Tract 408, Johnston County, North Carolina",625,92,533
1500000US371010406001,"Block Group 1, Census Tract 406, Johnston County, North Carolina",496,251,245
1500000US371010410022,"Block Group 2, Census Tract 410.02, Johnston County, North Carolina",692,168,524
1500000US371010411012,"Block Group 2, Census Tract 411.01, Johnston County, North Carolina",441,8,433
1500000US371010411021,"Block Group 1, Census Tract 411.02, Johnston County, North Carolina",2211,174,2037
1500000US371010411031,"Block Group 1, Census Tract 411.03, Johnston County, North Carolina",1694,152,1542
1500000US371010412011,"Block Group 1, Census Tract 412.01, Johnston County, North Carolina",983,122,861
1500000US371010402012,"Block Group 2, Census Tract 402.01, Johnston County, North Carolina",496,59,437
1500000US371010402021,"Block Group 1, Census Tract 402.02, Johnston County, North Carolina",884,126,758
1500000US371010402031,"Block Group 1, Census Tract 402.03, Johnston County, North Carolina",3421,15,3406
1500000US371010415032,"Block Group 2, Census Tract 415.03, Johnston County, North Carolina",751,99,652
1500000US371010414005,"Block Group 5, Census Tract 414, Johnston County, North Carolina",566,14,552
1500000US371010414006,"Block Group 6, Census Tract 414, Johnston County, North Carolina",224,34,190
1500000US371010403011,"Block Group 1, Census Tract 403.01, Johnston County, North Carolina",249,136,113
1500000US371010403021,"Block Group 1, Census Tract 403.02, Johnston County, North Carolina",365,171,194
1500000US371010409012,"Block Group 2, Census Tract 409.01, Johnston County, North Carolina",1083,112,971
1500000US371010409021,"Block Group 1, Census Tract 409.02, Johnston County, North Carolina",438,73,365
1500000US371010410011,"Block Group 1, Census Tract 410.01, Johnston County, North Carolina",1721,298,1423
1500000US371270115004,"Block Group 4, Census Tract 115, Nash County, North Carolina",604,163,441
1500000US371270115003,"Block Group 3, Census Tract 115, Nash County, North Carolina",450,135,315
1500000US371270115005,"Block Group 5, Census Tract 115, Nash County, North Carolina",394,55,339
1500000US371459206021,"Block Group 1, Census Tract 9206.02, Person County, North Carolina",525,77,448
1500000US371459206022,"Block Group 2, Census Tract 9206.02, Person County, North Carolina",1390,95,1295
1500000US371459201003,"Block Group 3, Census Tract 9201, Person County, North Carolina",574,116,458
1500000US371459203001,"Block Group 1, Census Tract 9203, Person County, North Carolina",520,81,439
1500000US371459203002,"Block Group 2, Census Tract 9203, Person County, North Carolina",654,258,396
1500000US371459203004,"Block Group 4, Census Tract 9203, Person County, North Carolina",448,136,312
1500000US371459203005,"Block Group 5, Census Tract 9203, Person County, North Carolina",590,149,441
1500000US371459204002,"Block Group 2, Census Tract 9204, Person County, North Carolina",263,29,234
1500000US371459204003,"Block Group 3, Census Tract 9204, Person County, North Carolina",507,110,397
1500000US371459205004,"Block Group 4, Census Tract 9205, Person County, North Carolina",519,13,506
1500000US371459205001,"Block Group 1, Census Tract 9205, Person County, North Carolina",879,113,766
1500000US371459205002,"Block Group 2, Census Tract 9205, Person County, North Carolina",619,32,587
1500000US371459205003,"Block Group 3, Census Tract 9205, Person County, North Carolina",708,84,624
1500000US371459206011,"Block Group 1, Census Tract 9206.01, Person County, North Carolina",843,205,638
1500000US371459206012,"Block Group 2, Census Tract 9206.01, Person County, North Carolina",338,45,293
1500000US371459206013,"Block Group 3, Census Tract 9206.01, Person County, North Carolina",341,29,312
1500000US371459206014,"Block Group 4, Census Tract 9206.01, Person County, North Carolina",583,77,506
1500000US371459201002,"Block Group 2, Census Tract 9201, Person County, North Carolina",431,47,384
1500000US371459204001,"Block Group 1, Census Tract 9204, Person County, North Carolina",416,76,340
1500000US371459203003,"Block Group 3, Census Tract 9203, Person County, North Carolina",190,82,108
1500000US371830505003,"Block Group 3, Census Tract 505, Wake County, North Carolina",347,33,314
1500000US371830505001,"Block Group 1, Census Tract 505, Wake County, North Carolina",609,113,496
1500000US371830515012,"Block Group 2, Census Tract 515.01, Wake County, North Carolina",775,8,767
1500000US371830515011,"Block Group 1, Census Tract 515.01, Wake County, North Carolina",669,16,653
1500000US371830515021,"Block Group 1, Census Tract 515.02, Wake County, North Carolina",219,15,204
1500000US371830523011,"Block Group 1, Census Tract 523.01, Wake County, North Carolina",805,74,731
1500000US371830523021,"Block Group 1, Census Tract 523.02, Wake County, North Carolina",764,113,651
1500000US371830514003,"Block Group 3, Census Tract 514, Wake County, North Carolina",537,67,470
1500000US371830514001,"Block Group 1, Census Tract 514, Wake County, North Carolina",313,39,274
1500000US371830521021,"Block Group 1, Census Tract 521.02, Wake County, North Carolina",1586,281,1305
1500000US371830526021,"Block Group 1, Census Tract 526.02, Wake County, North Carolina",763,38,725
1500000US371830528021,"Block Group 1, Census Tract 528.02, Wake County, North Carolina",689,46,643
1500000US371830528023,"Block Group 3, Census Tract 528.02, Wake County, North Carolina",624,93,531
1500000US371830535053,"Block Group 3, Census Tract 535.05, Wake County, North Carolina",526,10,516
1500000US371830540011,"Block Group 1, Census Tract 540.01, Wake County, North Carolina",815,110,705
1500000US371830540012,"Block Group 2, Census Tract 540.01, Wake County, North Carolina",806,28,778
1500000US371830541092,"Block Group 2, Census Tract 541.09, Wake County, North Carolina",592,43,549
1500000US371830541091,"Block Group 1, Census Tract 541.09, Wake County, North Carolina",721,28,693
1500000US371830507003,"Block Group 3, Census Tract 507, Wake County, North Carolina",578,15,563
1500000US371830535122,"Block Group 2, Census Tract 535.12, Wake County, North Carolina",1152,48,1104
1500000US371830535123,"Block Group 3, Census Tract 535.12, Wake County, North Carolina",602,89,513
1500000US371830539002,"Block Group 2, Census Tract 539, Wake County, North Carolina",915,29,886
1500000US371830525042,"Block Group 2, Census Tract 525.04, Wake County, North Carolina",542,0,542
1500000US371830519003,"Block Group 3, Census Tract 519, Wake County, North Carolina",417,111,306
1500000US371830519002,"Block Group 2, Census Tract 519, Wake County, North Carolina",813,213,600
1500000US371830520021,"Block Group 1, Census Tract 520.02, Wake County, North Carolina",426,71,355
1500000US371830520022,"Block Group 2, Census Tract 520.02, Wake County, North Carolina",700,217,483
1500000US371830528014,"Block Group 4, Census Tract 528.01, Wake County, North Carolina",230,0,230
1500000US371830528012,"Block Group 2, Census Tract 528.01, Wake County, North Carolina",634,8,626
1500000US371830528011,"Block Group 1, Census Tract 528.01, Wake County, North Carolina",426,0,426
1500000US371830535132,"Block Group 2, Census Tract 535.13, Wake County, North Carolina",827,55,772
1500000US371830537071,"Block Group 1, Census Tract 537.07, Wake County, North Carolina",897,25,872
1500000US371830537072,"Block Group 2, Census Tract 537.07, Wake County, North Carolina",861,122,739
1500000US371830537091,"Block Group 1, Census Tract 537.09, Wake County, North Carolina",748,0,748
1500000US371830543024,"Block Group 4, Census Tract 543.02, Wake County, North Carolina",457,171,286
1500000US371830543023,"Block Group 3, Census Tract 543.02, Wake County, North Carolina",877,69,808
1500000US371830543022,"Block Group 2, Census Tract 543.02, Wake County, North Carolina",423,0,423
1500000US371830543021,"Block Group 1, Census Tract 543.02, Wake County, North Carolina",411,61,350
1500000US371830544021,"Block Group 1, Census Tract 544.02, Wake County, North Carolina",390,13,377
1500000US371830544022,"Block Group 2, Census Tract 544.02, Wake County, North Carolina",1051,191,860
1500000US371830544023,"Block Group 3, Census Tract 544.02, Wake County, North Carolina",749,42,707
1500000US371830518001,"Block Group 1, Census Tract 518, Wake County, North Carolina",602,22,580
1500000US371830518002,"Block Group 2, Census Tract 518, Wake County, North Carolina",713,0,713
1500000US371830518003,"Block Group 3, Census Tract 518, Wake County, North Carolina",815,72,743
1500000US371830524041,"Block Group 1, Census Tract 524.04, Wake County, North Carolina",817,74,743
1500000US371830526011,"Block Group 1, Census Tract 526.01, Wake County, North Carolina",787,36,751
1500000US371830526012,"Block Group 2, Census Tract 526.01, Wake County, North Carolina",446,9,437
1500000US371830524043,"Block Group 3, Census Tract 524.04, Wake County, North Carolina",265,20,245
1500000US371830524012,"Block Group 2, Census Tract 524.01, Wake County, North Carolina",0,0,0
1500000US371830524061,"Block Group 1, Census Tract 524.06, Wake County, North Carolina",729,57,672
1500000US371830524063,"Block Group 3, Census Tract 524.06, Wake County, North Carolina",1461,49,1412
1500000US371830524071,"Block Group 1, Census Tract 524.07, Wake County, North Carolina",963,204,759
1500000US371830524081,"Block Group 1, Census Tract 524.08, Wake County, North Carolina",476,201,275
1500000US371830524082,"Block Group 2, Census Tract 524.08, Wake County, North Carolina",681,243,438
1500000US371830524092,"Block Group 2, Census Tract 524.09, Wake County, North Carolina",253,152,101
1500000US371830524093,"Block Group 3, Census Tract 524.09, Wake County, North Carolina",627,211,416
1500000US371830525043,"Block Group 3, Census Tract 525.04, Wake County, North Carolina",1544,174,1370
1500000US371830525051,"Block Group 1, Census Tract 525.05, Wake County, North Carolina",1301,160,1141
1500000US371830525061,"Block Group 1, Census Tract 525.06, Wake County, North Carolina",761,32,729
1500000US371830525062,"Block Group 2, Census Tract 525.06, Wake County, North Carolina",534,73,461
1500000US371830525072,"Block Group 2, Census Tract 525.07, Wake County, North Carolina",906,201,705
1500000US371830526023,"Block Group 3, Census Tract 526.02, Wake County, North Carolina",813,176,637
1500000US371830527013,"Block Group 3, Census Tract 527.01, Wake County, North Carolina",701,118,583
1500000US371830527042,"Block Group 2, Census Tract 527.04, Wake County, North Carolina",624,154,470
1500000US371830527052,"Block Group 2, Census Tract 527.05, Wake County, North Carolina",1294,184,1110
1500000US371830527061,"Block Group 1, Census Tract 527.06, Wake County, North Carolina",762,50,712
1500000US371830527063,"Block Group 3, Census Tract 527.06, Wake County, North Carolina",369,8,361
1500000US371830527071,"Block Group 1, Census Tract 527.07, Wake County, North Carolina",651,50,601
1500000US371830527073,"Block Group 3, Census Tract 527.07, Wake County, North Carolina",1310,197,1113
1500000US371830528015,"Block Group 5, Census Tract 528.01, Wake County, North Carolina",293,95,198
1500000US371830528061,"Block Group 1, Census Tract 528.06, Wake County, North Carolina",456,31,425
1500000US371830535051,"Block Group 1, Census Tract 535.05, Wake County, North Carolina",550,20,530
1500000US371830535052,"Block Group 2, Census Tract 535.05, Wake County, North Carolina",387,9,378
1500000US371830535072,"Block Group 2, Census Tract 535.07, Wake County, North Carolina",822,124,698
1500000US371830535071,"Block Group 1, Census Tract 535.07, Wake County, North Carolina",320,34,286
1500000US371830537151,"Block Group 1, Census Tract 537.15, Wake County, North Carolina",757,31,726
1500000US371830537152,"Block Group 2, Census Tract 537.15, Wake County, North Carolina",715,18,697
1500000US371830540061,"Block Group 1, Census Tract 540.06, Wake County, North Carolina",929,141,788
1500000US371830540071,"Block Group 1, Census Tract 540.07, Wake County, North Carolina",996,98,898
1500000US371830537141,"Block Group 1, Census Tract 537.14, Wake County, North Carolina",609,32,577
1500000US371830506002,"Block Group 2, Census Tract 506, Wake County, North Carolina",389,191,198
1500000US371830543011,"Block Group 1, Census Tract 543.01, Wake County, North Carolina",328,33,295
1500000US371830543013,"Block Group 3, Census Tract 543.01, Wake County, North Carolina",829,34,795
1500000US371830543012,"Block Group 2, Census Tract 543.01, Wake County, North Carolina",475,152,323
1500000US371830504001,"Block Group 1, Census Tract 504, Wake County, North Carolina",503,21,482
1500000US371830509003,"Block Group 3, Census Tract 509, Wake County, North Carolina",297,123,174
1500000US371830509002,"Block Group 2, Census Tract 509, Wake County, North Carolina",337,110,227
1500000US371830516005,"Block Group 5, Census Tract 516, Wake County, North Carolina",324,0,324
1500000US371830516003,"Block Group 3, Census Tract 516, Wake County, North Carolina",482,25,457
1500000US371830516002,"Block Group 2, Census Tract 516, Wake County, North Carolina",425,63,362
1500000US371830516004,"Block Group 4, Census Tract 516, Wake County, North Carolina",241,10,231
1500000US371830516001,"Block Group 1, Census Tract 516, Wake County, North Carolina",483,0,483
1500000US371830520011,"Block Group 1, Census Tract 520.01, Wake County, North Carolina",979,222,757
1500000US371830521012,"Block Group 2, Census Tract 521.01, Wake County, North Carolina",490,56,434
1500000US371830521011,"Block Group 1, Census Tract 521.01, Wake County, North Carolina",1362,198,1164
1500000US371830528063,"Block Group 3, Census Tract 528.06, Wake County, North Carolina",725,144,581
1500000US371830528062,"Block Group 2, Census Tract 528.06, Wake County, North Carolina",1476,123,1353
1500000US371830528071,"Block Group 1, Census Tract 528.07, Wake County, North Carolina",821,50,771
1500000US371830528072,"Block Group 2, Census Tract 528.07, Wake County, North Carolina",1262,71,1191
1500000US371830528082,"Block Group 2, Census Tract 528.08, Wake County, North Carolina",1355,134,1221
1500000US371830528083,"Block Group 3, Census Tract 528.08, Wake County, North Carolina",801,17,784
1500000US371830528091,"Block Group 1, Census Tract 528.09, Wake County, North Carolina",402,32,370
1500000US371830528092,"Block Group 2, Census Tract 528.09, Wake County, North Carolina",599,84,515
1500000US371830529021,"Block Group 1, Census Tract 529.02, Wake County, North Carolina",1294,30,1264
1500000US371830529022,"Block Group 2, Census Tract 529.02, Wake County, North Carolina",911,44,867
1500000US371830529041,"Block Group 1, Census Tract 529.04, Wake County, North Carolina",1170,83,1087
1500000US371830529042,"Block Group 2, Census Tract 529.04, Wake County, North Carolina",839,45,794
1500000US371830530031,"Block Group 1, Census Tract 530.03, Wake County, North Carolina",2346,204,2142
1500000US371830530032,"Block Group 2, Census Tract 530.03, Wake County, North Carolina",420,0,420
1500000US371830530042,"Block Group 2, Census Tract 530.04, Wake County, North Carolina",550,24,526
1500000US371830530051,"Block Group 1, Census Tract 530.05, Wake County, North Carolina",268,23,245
1500000US371830530053,"Block Group 3, Census Tract 530.05, Wake County, North Carolina",752,8,744
1500000US371830530061,"Block Group 1, Census Tract 530.06, Wake County, North Carolina",1116,22,1094
1500000US371830530072,"Block Group 2, Census Tract 530.07, Wake County, North Carolina",648,17,631
1500000US371830530081,"Block Group 1, Census Tract 530.08, Wake County, North Carolina",2052,87,1965
1500000US371830530083,"Block Group 3, Census Tract 530.08, Wake County, North Carolina",594,58,536
1500000US371830530084,"Block Group 4, Census Tract 530.08, Wake County, North Carolina",268,0,268
1500000US371830530092,"Block Group 2, Census Tract 530.09, Wake County, North Carolina",1278,84,1194
1500000US371830530093,"Block Group 3, Census Tract 530.09, Wake County, North Carolina",356,24,332
1500000US371830541062,"Block Group 2, Census Tract 541.06, Wake County, North Carolina",579,54,525
1500000US371830541061,"Block Group 1, Census Tract 541.06, Wake County, North Carolina",556,107,449
1500000US371830501001,"Block Group 1, Census Tract 501, Wake County, North Carolina",1943,215,1728
1500000US371830512002,"Block Group 2, Census Tract 512, Wake County, North Carolina",690,106,584
1500000US371830510002,"Block Group 2, Census Tract 510, Wake County, North Carolina",508,98,410
1500000US371830510001,"Block Group 1, Census Tract 510, Wake County, North Carolina",953,182,771
1500000US371830512003,"Block Group 3, Census Tract 512, Wake County, North Carolina",690,141,549
1500000US371830525031,"Block Group 1, Census Tract 525.03, Wake County, North Carolina",923,93,830
1500000US371830527051,"Block Group 1, Census Tract 527.05, Wake County, North Carolina",635,8,627
1500000US371830528031,"Block Group 1, Census Tract 528.03, Wake County, North Carolina",1177,143,1034
1500000US371830528033,"Block Group 3, Census Tract 528.03, Wake County, North Carolina",1931,300,1631
1500000US371830528032,"Block Group 2, Census Tract 528.03, Wake County, North Carolina",682,171,511
1500000US371830537121,"Block Group 1, Census Tract 537.12, Wake County, North Carolina",623,8,615
1500000US371830506001,"Block Group 1, Census Tract 506, Wake County, North Carolina",131,82,49
1500000US371830514002,"Block Group 2, Census Tract 514, Wake County, North Carolina",459,78,381
1500000US371830534051,"Block Group 1, Census Tract 534.05, Wake County, North Carolina",405,10,395
1500000US371830535062,"Block Group 2, Census Tract 535.06, Wake County, North Carolina",481,27,454
1500000US371830535061,"Block Group 1, Census Tract 535.06, Wake County, North Carolina",368,43,325
1500000US371830535064,"Block Group 4, Census Tract 535.06, Wake County, North Carolina",1016,34,982
1500000US371830535092,"Block Group 2, Census Tract 535.09, Wake County, North Carolina",745,0,745
1500000US371830535093,"Block Group 3, Census Tract 535.09, Wake County, North Carolina",688,0,688
1500000US371830541081,"Block Group 1, Census Tract 541.08, Wake County, North Carolina",749,118,631
1500000US371830541082,"Block Group 2, Census Tract 541.08, Wake County, North Carolina",1158,105,1053
1500000US371830507002,"Block Group 2, Census Tract 507, Wake County, North Carolina",313,118,195
1500000US371830511011,"Block Group 1, Census Tract 511.01, Wake County, North Carolina",0,0,0
1500000US371830511013,"Block Group 3, Census Tract 511.01, Wake County, North Carolina",0,0,0
1500000US371830511021,"Block Group 1, Census Tract 511.02, Wake County, North Carolina",0,0,0
1500000US371830511022,"Block Group 2, Census Tract 511.02, Wake County, North Carolina",0,0,0
1500000US371830511023,"Block Group 3, Census Tract 511.02, Wake County, North Carolina",78,35,43
1500000US371830520012,"Block Group 2, Census Tract 520.01, Wake County, North Carolina",573,243,330
1500000US371830520023,"Block Group 3, Census Tract 520.02, Wake County, North Carolina",352,110,242
1500000US371830520024,"Block Group 4, Census Tract 520.02, Wake County, North Carolina",301,107,194
1500000US371830521013,"Block Group 3, Census Tract 521.01, Wake County, North Carolina",548,294,254
1500000US371830521014,"Block Group 4, Census Tract 521.01, Wake County, North Carolina",542,128,414
1500000US371830521022,"Block Group 2, Census Tract 521.02, Wake County, North Carolina",538,100,438
1500000US371830523012,"Block Group 2, Census Tract 523.01, Wake County, North Carolina",1151,324,827
1500000US371830523013,"Block Group 3, Census Tract 523.01, Wake County, North Carolina",965,382,583
1500000US371830523023,"Block Group 3, Census Tract 523.02, Wake County, North Carolina",1528,585,943
1500000US371830542091,"Block Group 1, Census Tract 542.09, Wake County, North Carolina",2690,170,2520
1500000US371830542101,"Block Group 1, Census Tract 542.10, Wake County, North Carolina",770,34,736
1500000US371830536102,"Block Group 2, Census Tract 536.10, Wake County, North Carolina",1922,49,1873
1500000US371830537092,"Block Group 2, Census Tract 537.09, Wake County, North Carolina",1502,51,1451
1500000US371830537093,"Block Group 3, Census Tract 537.09, Wake County, North Carolina",1526,86,1440
1500000US371830537113,"Block Group 3, Census Tract 537.11, Wake County, North Carolina",856,14,842
1500000US371830541044,"Block Group 4, Census Tract 541.04, Wake County, North Carolina",596,103,493
1500000US371830541052,"Block Group 2, Census Tract 541.05, Wake County, North Carolina",957,0,957
1500000US371830541053,"Block Group 3, Census Tract 541.05, Wake County, North Carolina",1647,140,1507
1500000US371830541054,"Block Group 4, Census Tract 541.05, Wake County, North Carolina",1219,172,1047
1500000US371830541063,"Block Group 3, Census Tract 541.06, Wake County, North Carolina",1584,63,1521
1500000US371830541083,"Block Group 3, Census Tract 541.08, Wake County, North Carolina",427,16,411
1500000US371830541102,"Block Group 2, Census Tract 541.10, Wake County, North Carolina",1592,17,1575
1500000US371830541103,"Block Group 3, Census Tract 541.10, Wake County, North Carolina",1088,74,1014
1500000US371830541121,"Block Group 1, Census Tract 541.12, Wake County, North Carolina",1426,125,1301
1500000US371830541131,"Block Group 1, Census Tract 541.13, Wake County, North Carolina",522,102,420
1500000US371830541132,"Block Group 2, Census Tract 541.13, Wake County, North Carolina",940,49,891
1500000US371830541142,"Block Group 2, Census Tract 541.14, Wake County, North Carolina",1075,113,962
1500000US371830541151,"Block Group 1, Census Tract 541.15, Wake County, North Carolina",484,0,484
1500000US371830541153,"Block Group 3, Census Tract 541.15, Wake County, North Carolina",1109,18,1091
1500000US371830541154,"Block Group 4, Census Tract 541.15, Wake County, North Carolina",546,81,465
1500000US371830542041,"Block Group 1, Census Tract 542.04, Wake County, North Carolina",1028,18,1010
1500000US371830542042,"Block Group 2, Census Tract 542.04, Wake County, North Carolina",847,63,784
1500000US371830542052,"Block Group 2, Census Tract 542.05, Wake County, North Carolina",1106,174,932
1500000US371830542061,"Block Group 1, Census Tract 542.06, Wake County, North Carolina",2261,166,2095
1500000US371830542071,"Block Group 1, Census Tract 542.07, Wake County, North Carolina",3567,107,3460
1500000US371830542081,"Block Group 1, Census Tract 542.08, Wake County, North Carolina",3208,222,2986
1500000US371830537122,"Block Group 2, Census Tract 537.12, Wake County, North Carolina",452,58,394
1500000US371830537132,"Block Group 2, Census Tract 537.13, Wake County, North Carolina",798,61,737
1500000US371830537143,"Block Group 3, Census Tract 537.14, Wake County, North Carolina",511,10,501
1500000US371830537162,"Block Group 2, Census Tract 537.16, Wake County, North Carolina",588,0,588
1500000US371830526031,"Block Group 1, Census Tract 526.03, Wake County, North Carolina",814,15,799
1500000US371830541051,"Block Group 1, Census Tract 541.05, Wake County, North Carolina",970,100,870
1500000US371830503001,"Block Group 1, Census Tract 503, Wake County, North Carolina",914,160,754
1500000US371830503002,"Block Group 2, Census Tract 503, Wake County, North Carolina",1287,265,1022
1500000US371830541041,"Block Group 1, Census Tract 541.04, Wake County, North Carolina",646,37,609
1500000US371830530094,"Block Group 4, Census Tract 530.09, Wake County, North Carolina",432,107,325
1500000US371830531051,"Block Group 1, Census Tract 531.05, Wake County, North Carolina",1478,107,1371
1500000US371830531061,"Block Group 1, Census Tract 531.06, Wake County, North Carolina",1296,137,1159
1500000US371830531071,"Block Group 1, Census Tract 531.07, Wake County, North Carolina",1045,15,1030
1500000US371830531072,"Block Group 2, Census Tract 531.07, Wake County, North Carolina",1026,196,830
1500000US371830531073,"Block Group 3, Census Tract 531.07, Wake County, North Carolina",1699,159,1540
1500000US371830531081,"Block Group 1, Census Tract 531.08, Wake County, North Carolina",748,92,656
1500000US371830531082,"Block Group 2, Census Tract 531.08, Wake County, North Carolina",2079,87,1992
1500000US371830531091,"Block Group 1, Census Tract 531.09, Wake County, North Carolina",2104,198,1906
1500000US371830531092,"Block Group 2, Census Tract 531.09, Wake County, North Carolina",776,130,646
1500000US371830531101,"Block Group 1, Census Tract 531.10, Wake County, North Carolina",683,26,657
1500000US371830531102,"Block Group 2, Census Tract 531.10, Wake County, North Carolina",758,60,698
1500000US371830531111,"Block Group 1, Census Tract 531.11, Wake County, North Carolina",785,48,737
1500000US371830531112,"Block Group 2, Census Tract 531.11, Wake County, North Carolina",878,70,808
1500000US371830532011,"Block Group 1, Census Tract 532.01, Wake County, North Carolina",2240,11,2229
1500000US371830532012,"Block Group 2, Census Tract 532.01, Wake County, North Carolina",1604,87,1517
1500000US371830532022,"Block Group 2, Census Tract 532.02, Wake County, North Carolina",687,36,651
1500000US371830532031,"Block Group 1, Census Tract 532.03, Wake County, North Carolina",1557,85,1472
1500000US371830532041,"Block Group 1, Census Tract 532.04, Wake County, North Carolina",1111,112,999
1500000US371830534052,"Block Group 2, Census Tract 534.05, Wake County, North Carolina",1009,33,976
1500000US371830532042,"Block Group 2, Census Tract 532.04, Wake County, North Carolina",825,63,762
1500000US371830532061,"Block Group 1, Census Tract 532.06, Wake County, North Carolina",1565,84,1481
1500000US371830532071,"Block Group 1, Census Tract 532.07, Wake County, North Carolina",873,12,861
1500000US371830534053,"Block Group 3, Census Tract 534.05, Wake County, North Carolina",539,19,520
1500000US371830542102,"Block Group 2, Census Tract 542.10, Wake County, North Carolina",1329,48,1281
1500000US371830542103,"Block Group 3, Census Tract 542.10, Wake County, North Carolina",1587,23,1564
1500000US371830542111,"Block Group 1, Census Tract 542.11, Wake County, North Carolina",1000,13,987
1500000US371830542112,"Block Group 2, Census Tract 542.11, Wake County, North Carolina",3387,132,3255
1500000US371830543025,"Block Group 5, Census Tract 543.02, Wake County, North Carolina",291,57,234
1500000US371830544031,"Block Group 1, Census Tract 544.03, Wake County, North Carolina",458,105,353
1500000US371830544033,"Block Group 3, Census Tract 544.03, Wake County, North Carolina",457,0,457
1500000US371830545003,"Block Group 3, Census Tract 545, Wake County, North Carolina",1677,358,1319
1500000US371830544041,"Block Group 1, Census Tract 544.04, Wake County, North Carolina",1139,186,953
1500000US371830544043,"Block Group 3, Census Tract 544.04, Wake County, North Carolina",795,76,719
1500000US371830545001,"Block Group 1, Census Tract 545, Wake County, North Carolina",548,53,495
1500000US371830545004,"Block Group 4, Census Tract 545, Wake County, North Carolina",939,101,838
1500000US371839802001,"Block Group 1, Census Tract 9802, Wake County, North Carolina",4,0,4
1500000US371830540163,"Block Group 3, Census Tract 540.16, Wake County, North Carolina",1029,73,956
1500000US371830540171,"Block Group 1, Census Tract 540.17, Wake County, North Carolina",1176,117,1059
1500000US371830540182,"Block Group 2, Census Tract 540.18, Wake County, North Carolina",1209,104,1105
1500000US371830541042,"Block Group 2, Census Tract 541.04, Wake County, North Carolina",1097,127,970
1500000US371830534231,"Block Group 1, Census Tract 534.23, Wake County, North Carolina",605,30,575
1500000US371830534241,"Block Group 1, Census Tract 534.24, Wake County, North Carolina",887,35,852
1500000US371830534242,"Block Group 2, Census Tract 534.24, Wake County, North Carolina",621,26,595
1500000US371830534252,"Block Group 2, Census Tract 534.25, Wake County, North Carolina",429,29,400
1500000US371830535161,"Block Group 1, Census Tract 535.16, Wake County, North Carolina",1052,54,998
1500000US371830535171,"Block Group 1, Census Tract 535.17, Wake County, North Carolina",803,264,539
1500000US371830535172,"Block Group 2, Census Tract 535.17, Wake County, North Carolina",295,61,234
1500000US371830537163,"Block Group 3, Census Tract 537.16, Wake County, North Carolina",870,25,845
1500000US371830537171,"Block Group 1, Census Tract 537.17, Wake County, North Carolina",1839,95,1744
1500000US371830537191,"Block Group 1, Census Tract 537.19, Wake County, North Carolina",795,9,786
1500000US371830537192,"Block Group 2, Census Tract 537.19, Wake County, North Carolina",624,9,615
1500000US371830537202,"Block Group 2, Census Tract 537.20, Wake County, North Carolina",342,18,324
1500000US371830537203,"Block Group 3, Census Tract 537.20, Wake County, North Carolina",652,13,639
1500000US371830537212,"Block Group 2, Census Tract 537.21, Wake County, North Carolina",719,0,719
1500000US371830537221,"Block Group 1, Census Tract 537.22, Wake County, North Carolina",778,28,750
1500000US371830534081,"Block Group 1, Census Tract 534.08, Wake County, North Carolina",934,37,897
1500000US371830534082,"Block Group 2, Census Tract 534.08, Wake County, North Carolina",450,9,441
1500000US371830534092,"Block Group 2, Census Tract 534.09, Wake County, North Carolina",874,16,858
1500000US371830534093,"Block Group 3, Census Tract 534.09, Wake County, North Carolina",786,40,746
1500000US371830508001,"Block Group 1, Census Tract 508, Wake County, North Carolina",442,157,285
1500000US371830508002,"Block Group 2, Census Tract 508, Wake County, North Carolina",340,151,189
1500000US371830508003,"Block Group 3, Census Tract 508, Wake County, North Carolina",130,47,83
1500000US371830517002,"Block Group 2, Census Tract 517, Wake County, North Carolina",484,0,484
1500000US371830517001,"Block Group 1, Census Tract 517, Wake County, North Carolina",343,8,335
1500000US371830527011,"Block Group 1, Census Tract 527.01, Wake County, North Carolina",993,87,906
1500000US371830527012,"Block Group 2, Census Tract 527.01, Wake County, North Carolina",739,24,715
1500000US371830537223,"Block Group 3, Census Tract 537.22, Wake County, North Carolina",409,0,409
1500000US371830537231,"Block Group 1, Census Tract 537.23, Wake County, North Carolina",825,15,810
1500000US371830537232,"Block Group 2, Census Tract 537.23, Wake County, North Carolina",851,34,817
1500000US371830537251,"Block Group 1, Census Tract 537.25, Wake County, North Carolina",1105,63,1042
1500000US371830537252,"Block Group 2, Census Tract 537.25, Wake County, North Carolina",1082,43,1039
1500000US371830537262,"Block Group 2, Census Tract 537.26, Wake County, North Carolina",452,0,452
1500000US371830538031,"Block Group 1, Census Tract 538.03, Wake County, North Carolina",814,17,797
1500000US371830538041,"Block Group 1, Census Tract 538.04, Wake County, North Carolina",1146,18,1128
1500000US371830538051,"Block Group 1, Census Tract 538.05, Wake County, North Carolina",409,11,398
1500000US371830535193,"Block Group 3, Census Tract 535.19, Wake County, North Carolina",475,125,350
1500000US371830535201,"Block Group 1, Census Tract 535.20, Wake County, North Carolina",820,24,796
1500000US371830535202,"Block Group 2, Census Tract 535.20, Wake County, North Carolina",1279,173,1106
1500000US371830535203,"Block Group 3, Census Tract 535.20, Wake County, North Carolina",513,13,500
1500000US371830535211,"Block Group 1, Census Tract 535.21, Wake County, North Carolina",739,7,732
1500000US371830535212,"Block Group 2, Census Tract 535.21, Wake County, North Carolina",565,57,508
1500000US371830535221,"Block Group 1, Census Tract 535.22, Wake County, North Carolina",855,60,795
1500000US371830535222,"Block Group 2, Census Tract 535.22, Wake County, North Carolina",1551,48,1503
1500000US371830535231,"Block Group 1, Census Tract 535.23, Wake County, North Carolina",1158,127,1031
1500000US371830535232,"Block Group 2, Census Tract 535.23, Wake County, North Carolina",1107,71,1036
1500000US371830535241,"Block Group 1, Census Tract 535.24, Wake County, North Carolina",757,56,701
1500000US371830535242,"Block Group 2, Census Tract 535.24, Wake County, North Carolina",954,52,902
1500000US371830535251,"Block Group 1, Census Tract 535.25, Wake County, North Carolina",281,14,267
1500000US371830535252,"Block Group 2, Census Tract 535.25, Wake County, North Carolina",862,30,832
1500000US371830536012,"Block Group 2, Census Tract 536.01, Wake County, North Carolina",1354,35,1319
1500000US371830536013,"Block Group 3, Census Tract 536.01, Wake County, North Carolina",1296,84,1212
1500000US371830536031,"Block Group 1, Census Tract 536.03, Wake County, North Carolina",1594,96,1498
1500000US371830536041,"Block Group 1, Census Tract 536.04, Wake County, North Carolina",699,0,699
1500000US371830536051,"Block Group 1, Census Tract 536.05, Wake County, North Carolina",1002,110,892
1500000US371830536061,"Block Group 1, Census Tract 536.06, Wake County, North Carolina",867,7,860
1500000US371830536071,"Block Group 1, Census Tract 536.07, Wake County, North Carolina",3444,293,3151
1500000US371830536081,"Block Group 1, Census Tract 536.08, Wake County, North Carolina",1861,19,1842
1500000US371830536091,"Block Group 1, Census Tract 536.09, Wake County, North Carolina",397,25,372
1500000US371830538052,"Block Group 2, Census Tract 538.05, Wake County, North Carolina",263,0,263
1500000US371830538061,"Block Group 1, Census Tract 538.06, Wake County, North Carolina",712,13,699
1500000US371830538071,"Block Group 1, Census Tract 538.07, Wake County, North Carolina",799,13,786
1500000US371830538072,"Block Group 2, Census Tract 538.07, Wake County, North Carolina",773,33,740
1500000US371830538081,"Block Group 1, Census Tract 538.08, Wake County, North Carolina",384,0,384
1500000US371830538082,"Block Group 2, Census Tract 538.08, Wake County, North Carolina",456,11,445
1500000US371830538083,"Block Group 3, Census Tract 538.08, Wake County, North Carolina",731,20,711
1500000US371830538084,"Block Group 4, Census Tract 538.08, Wake County, North Carolina",261,0,261
1500000US371830539003,"Block Group 3, Census Tract 539, Wake County, North Carolina",621,73,548
1500000US371830539004,"Block Group 4, Census Tract 539, Wake County, North Carolina",1138,31,1107
1500000US371830540013,"Block Group 3, Census Tract 540.01, Wake County, North Carolina",882,104,778
1500000US371830540042,"Block Group 2, Census Tract 540.04, Wake County, North Carolina",578,79,499
1500000US371830540043,"Block Group 3, Census Tract 540.04, Wake County, North Carolina",666,36,630
1500000US371830540044,"Block Group 4, Census Tract 540.04, Wake County, North Carolina",401,99,302
1500000US371830540062,"Block Group 2, Census Tract 540.06, Wake County, North Carolina",392,10,382
1500000US371830540072,"Block Group 2, Census Tract 540.07, Wake County, North Carolina",866,46,820
1500000US371830540082,"Block Group 2, Census Tract 540.08, Wake County, North Carolina",889,226,663
1500000US371830540083,"Block Group 3, Census Tract 540.08, Wake County, North Carolina",532,14,518
1500000US371830540111,"Block Group 1, Census Tract 540.11, Wake County, North Carolina",601,0,601
1500000US371830534111,"Block Group 1, Census Tract 534.11, Wake County, North Carolina",1901,62,1839
1500000US371830534112,"Block Group 2, Census Tract 534.11, Wake County, North Carolina",1300,70,1230
1500000US371830534122,"Block Group 2, Census Tract 534.12, Wake County, North Carolina",225,0,225
1500000US371830534123,"Block Group 3, Census Tract 534.12, Wake County, North Carolina",713,18,695
1500000US371830534132,"Block Group 2, Census Tract 534.13, Wake County, North Carolina",462,42,420
1500000US371830534163,"Block Group 3, Census Tract 534.16, Wake County, North Carolina",274,20,254
1500000US371830534141,"Block Group 1, Census Tract 534.14, Wake County, North Carolina",1729,30,1699
1500000US371830534151,"Block Group 1, Census Tract 534.15, Wake County, North Carolina",1119,65,1054
1500000US371830534161,"Block Group 1, Census Tract 534.16, Wake County, North Carolina",1114,125,989
1500000US371830534171,"Block Group 1, Census Tract 534.17, Wake County, North Carolina",1625,144,1481
1500000US371830534182,"Block Group 2, Census Tract 534.18, Wake County, North Carolina",759,160,599
1500000US371830534183,"Block Group 3, Census Tract 534.18, Wake County, North Carolina",855,95,760
1500000US371830534192,"Block Group 2, Census Tract 534.19, Wake County, North Carolina",840,24,816
1500000US371830534201,"Block Group 1, Census Tract 534.20, Wake County, North Carolina",968,36,932
1500000US371830534211,"Block Group 1, Census Tract 534.21, Wake County, North Carolina",1907,51,1856
1500000US371830534221,"Block Group 1, Census Tract 534.22, Wake County, North Carolina",695,5,690
1500000US371830540121,"Block Group 1, Census Tract 540.12, Wake County, North Carolina",740,14,726
1500000US371830540122,"Block Group 2, Census Tract 540.12, Wake County, North Carolina",413,0,413
1500000US371830540131,"Block Group 1, Census Tract 540.13, Wake County, North Carolina",2174,24,2150
1500000US371830540132,"Block Group 2, Census Tract 540.13, Wake County, North Carolina",1119,26,1093
1500000US371830540134,"Block Group 4, Census Tract 540.13, Wake County, North Carolina",1262,56,1206
1500000US371830540141,"Block Group 1, Census Tract 540.14, Wake County, North Carolina",3254,221,3033
1500000US371830540143,"Block Group 3, Census Tract 540.14, Wake County, North Carolina",988,442,546
1500000US371830540151,"Block Group 1, Census Tract 540.15, Wake County, North Carolina",1642,130,1512
1500000US371830540161,"Block Group 1, Census Tract 540.16, Wake County, North Carolina",567,28,539
1500000US371830540162,"Block Group 2, Census Tract 540.16, Wake County, North Carolina",992,28,964
1500000US371830535174,"Block Group 4, Census Tract 535.17, Wake County, North Carolina",218,0,218
1500000US371830535181,"Block Group 1, Census Tract 535.18, Wake County, North Carolina",642,31,611
1500000US371830535183,"Block Group 3, Census Tract 535.18, Wake County, North Carolina",439,16,423
1500000US371830535191,"Block Group 1, Census Tract 535.19, Wake County, North Carolina",597,63,534
1500000US371830505002,"Block Group 2, Census Tract 505, Wake County, North Carolina",818,101,717
1500000US371830515022,"Block Group 2, Census Tract 515.02, Wake County, North Carolina",697,22,675
1500000US371830523022,"Block Group 2, Census Tract 523.02, Wake County, North Carolina",938,335,603
1500000US371830537131,"Block Group 1, Census Tract 537.13, Wake County, North Carolina",1129,89,1040
1500000US371830535073,"Block Group 3, Census Tract 535.07, Wake County, North Carolina",569,29,540
1500000US371830537161,"Block Group 1, Census Tract 537.16, Wake County, North Carolina",556,48,508
1500000US371830537142,"Block Group 2, Census Tract 537.14, Wake County, North Carolina",872,132,740
1500000US371830506003,"Block Group 3, Census Tract 506, Wake County, North Carolina",541,130,411
1500000US371830543014,"Block Group 4, Census Tract 543.01, Wake County, North Carolina",528,16,512
1500000US371830504002,"Block Group 2, Census Tract 504, Wake County, North Carolina",326,58,268
1500000US371830509001,"Block Group 1, Census Tract 509, Wake County, North Carolina",257,94,163
1500000US371830528064,"Block Group 4, Census Tract 528.06, Wake County, North Carolina",2972,359,2613
1500000US371830528081,"Block Group 1, Census Tract 528.08, Wake County, North Carolina",794,33,761
1500000US371830528084,"Block Group 4, Census Tract 528.08, Wake County, North Carolina",1369,155,1214
1500000US371830529011,"Block Group 1, Census Tract 529.01, Wake County, North Carolina",974,48,926
1500000US371830529031,"Block Group 1, Census Tract 529.03, Wake County, North Carolina",1087,7,1080
1500000US371830529043,"Block Group 3, Census Tract 529.04, Wake County, North Carolina",792,127,665
1500000US371830530041,"Block Group 1, Census Tract 530.04, Wake County, North Carolina",706,48,658
1500000US371830530052,"Block Group 2, Census Tract 530.05, Wake County, North Carolina",706,26,680
1500000US371830530071,"Block Group 1, Census Tract 530.07, Wake County, North Carolina",419,13,406
1500000US371830530082,"Block Group 2, Census Tract 530.08, Wake County, North Carolina",818,78,740
1500000US371830530091,"Block Group 1, Census Tract 530.09, Wake County, North Carolina",754,165,589
1500000US371830512001,"Block Group 1, Census Tract 512, Wake County, North Carolina",844,59,785
1500000US371830525032,"Block Group 2, Census Tract 525.03, Wake County, North Carolina",1330,88,1242
1500000US371830514004,"Block Group 4, Census Tract 514, Wake County, North Carolina",346,73,273
1500000US371830514005,"Block Group 5, Census Tract 514, Wake County, North Carolina",450,64,386
1500000US371830526022,"Block Group 2, Census Tract 526.02, Wake County, North Carolina",718,14,704
1500000US371830528024,"Block Group 4, Census Tract 528.02, Wake County, North Carolina",622,53,569
1500000US371830540081,"Block Group 1, Census Tract 540.08, Wake County, North Carolina",678,61,617
1500000US371830507001,"Block Group 1, Census Tract 507, Wake County, North Carolina",593,124,469
1500000US371830535121,"Block Group 1, Census Tract 535.12, Wake County, North Carolina",1109,36,1073
1500000US371830539001,"Block Group 1, Census Tract 539, Wake County, North Carolina",357,60,297
1500000US371830525041,"Block Group 1, Census Tract 525.04, Wake County, North Carolina",882,115,767
1500000US371830519001,"Block Group 1, Census Tract 519, Wake County, North Carolina",698,42,656
1500000US371830527041,"Block Group 1, Census Tract 527.04, Wake County, North Carolina",984,321,663
1500000US371830528013,"Block Group 3, Census Tract 528.01, Wake County, North Carolina",999,21,978
1500000US371830535131,"Block Group 1, Census Tract 535.13, Wake County, North Carolina",941,58,883
1500000US371830524042,"Block Group 2, Census Tract 524.04, Wake County, North Carolina",509,216,293
1500000US371830524062,"Block Group 2, Census Tract 524.06, Wake County, North Carolina",916,245,671
1500000US371830524072,"Block Group 2, Census Tract 524.07, Wake County, North Carolina",994,128,866
1500000US371830524091,"Block Group 1, Census Tract 524.09, Wake County, North Carolina",291,75,216
1500000US371830525033,"Block Group 3, Census Tract 525.03, Wake County, North Carolina",854,34,820
1500000US371830525052,"Block Group 2, Census Tract 525.05, Wake County, North Carolina",902,102,800
1500000US371830525071,"Block Group 1, Census Tract 525.07, Wake County, North Carolina",374,32,342
1500000US371830526032,"Block Group 2, Census Tract 526.03, Wake County, North Carolina",455,17,438
1500000US371830527043,"Block Group 3, Census Tract 527.04, Wake County, North Carolina",842,96,746
1500000US371830527062,"Block Group 2, Census Tract 527.06, Wake County, North Carolina",545,37,508
1500000US371830527072,"Block Group 2, Census Tract 527.07, Wake County, North Carolina",663,56,607
1500000US371830511012,"Block Group 2, Census Tract 511.01, Wake County, North Carolina",512,170,342
1500000US371830542092,"Block Group 2, Census Tract 542.09, Wake County, North Carolina",1370,13,1357
1500000US371830537073,"Block Group 3, Census Tract 537.07, Wake County, North Carolina",1552,70,1482
1500000US371830537112,"Block Group 2, Census Tract 537.11, Wake County, North Carolina",481,17,464
1500000US371830541055,"Block Group 5, Census Tract 541.05, Wake County, North Carolina",228,0,228
1500000US371830541101,"Block Group 1, Census Tract 541.10, Wake County, North Carolina",651,0,651
1500000US371830541111,"Block Group 1, Census Tract 541.11, Wake County, North Carolina",904,65,839
1500000US371830541141,"Block Group 1, Census Tract 541.14, Wake County, North Carolina",1008,10,998
1500000US371830541152,"Block Group 2, Census Tract 541.15, Wake County, North Carolina",1187,90,1097
1500000US371830542031,"Block Group 1, Census Tract 542.03, Wake County, North Carolina",1262,26,1236
1500000US371830542051,"Block Group 1, Census Tract 542.05, Wake County, North Carolina",976,160,816
1500000US371830542062,"Block Group 2, Census Tract 542.06, Wake County, North Carolina",240,0,240
1500000US371830540041,"Block Group 1, Census Tract 540.04, Wake County, North Carolina",821,57,764
1500000US371830531103,"Block Group 3, Census Tract 531.10, Wake County, North Carolina",501,33,468
1500000US371830531113,"Block Group 3, Census Tract 531.11, Wake County, North Carolina",582,115,467
1500000US371830532021,"Block Group 1, Census Tract 532.02, Wake County, North Carolina",666,17,649
1500000US371830532032,"Block Group 2, Census Tract 532.03, Wake County, North Carolina",1107,0,1107
1500000US371830532051,"Block Group 1, Census Tract 532.05, Wake County, North Carolina",1315,79,1236
1500000US371830532072,"Block Group 2, Census Tract 532.07, Wake County, North Carolina",2331,60,2271
1500000US371830544032,"Block Group 2, Census Tract 544.03, Wake County, North Carolina",332,6,326
1500000US371830544042,"Block Group 2, Census Tract 544.04, Wake County, North Carolina",350,0,350
1500000US371830545002,"Block Group 2, Census Tract 545, Wake County, North Carolina",642,75,567
1500000US371839801001,"Block Group 1, Census Tract 9801, Wake County, North Carolina",0,0,0
1500000US371830540181,"Block Group 1, Census Tract 540.18, Wake County, North Carolina",477,61,416
1500000US371830541043,"Block Group 3, Census Tract 541.04, Wake County, North Carolina",1452,177,1275
1500000US371830534232,"Block Group 2, Census Tract 534.23, Wake County, North Carolina",344,11,333
1500000US371830534251,"Block Group 1, Census Tract 534.25, Wake County, North Carolina",667,5,662
1500000US371830535162,"Block Group 2, Census Tract 535.16, Wake County, North Carolina",345,14,331
1500000US371830535063,"Block Group 3, Census Tract 535.06, Wake County, North Carolina",656,0,656
1500000US371830535091,"Block Group 1, Census Tract 535.09, Wake County, North Carolina",524,6,518
1500000US371830537111,"Block Group 1, Census Tract 537.11, Wake County, North Carolina",800,13,787
1500000US371830535173,"Block Group 3, Census Tract 535.17, Wake County, North Carolina",434,43,391
1500000US371830535182,"Block Group 2, Census Tract 535.18, Wake County, North Carolina",502,26,476
1500000US371830535192,"Block Group 2, Census Tract 535.19, Wake County, North Carolina",947,94,853
1500000US371830537181,"Block Group 1, Census Tract 537.18, Wake County, North Carolina",1216,38,1178
1500000US371830537201,"Block Group 1, Census Tract 537.20, Wake County, North Carolina",320,0,320
1500000US371830537211,"Block Group 1, Census Tract 537.21, Wake County, North Carolina",665,26,639
1500000US371830537222,"Block Group 2, Census Tract 537.22, Wake County, North Carolina",799,60,739
1500000US371830534091,"Block Group 1, Census Tract 534.09, Wake County, North Carolina",585,0,585
1500000US371830517003,"Block Group 3, Census Tract 517, Wake County, North Carolina",356,0,356
1500000US371830524011,"Block Group 1, Census Tract 524.01, Wake County, North Carolina",2290,215,2075
1500000US371830537224,"Block Group 4, Census Tract 537.22, Wake County, North Carolina",340,39,301
1500000US371830537241,"Block Group 1, Census Tract 537.24, Wake County, North Carolina",2551,173,2378
1500000US371830537261,"Block Group 1, Census Tract 537.26, Wake County, North Carolina",922,176,746
1500000US371830538032,"Block Group 2, Census Tract 538.03, Wake County, North Carolina",413,13,400
1500000US371830536062,"Block Group 2, Census Tract 536.06, Wake County, North Carolina",300,40,260
1500000US371830536011,"Block Group 1, Census Tract 536.01, Wake County, North Carolina",1809,15,1794
1500000US371830536021,"Block Group 1, Census Tract 536.02, Wake County, North Carolina",1925,81,1844
1500000US371830536042,"Block Group 2, Census Tract 536.04, Wake County, North Carolina",913,7,906
1500000US371830536101,"Block Group 1, Census Tract 536.10, Wake County, North Carolina",3781,126,3655
1500000US371830538062,"Block Group 2, Census Tract 538.06, Wake County, North Carolina",359,22,337
1500000US371830540084,"Block Group 4, Census Tract 540.08, Wake County, North Carolina",606,129,477
1500000US371830534101,"Block Group 1, Census Tract 534.10, Wake County, North Carolina",2071,118,1953
1500000US371830534121,"Block Group 1, Census Tract 534.12, Wake County, North Carolina",1395,33,1362
1500000US371830534131,"Block Group 1, Census Tract 534.13, Wake County, North Carolina",1872,51,1821
1500000US371830534142,"Block Group 2, Census Tract 534.14, Wake County, North Carolina",1616,141,1475
1500000US371830534162,"Block Group 2, Census Tract 534.16, Wake County, North Carolina",1341,18,1323
1500000US371830534181,"Block Group 1, Census Tract 534.18, Wake County, North Carolina",982,15,967
1500000US371830534191,"Block Group 1, Census Tract 534.19, Wake County, North Carolina",266,6,260
1500000US371830534202,"Block Group 2, Census Tract 534.20, Wake County, North Carolina",1696,78,1618
1500000US371830534222,"Block Group 2, Census Tract 534.22, Wake County, North Carolina",215,0,215
1500000US371830540112,"Block Group 2, Census Tract 540.11, Wake County, North Carolina",503,20,483
1500000US371830540123,"Block Group 3, Census Tract 540.12, Wake County, North Carolina",379,0,379
1500000US371830540133,"Block Group 3, Census Tract 540.13, Wake County, North Carolina",496,34,462
1500000US371830540142,"Block Group 2, Census Tract 540.14, Wake County, North Carolina",474,28,446
1500000US371830528022,"Block Group 2, Census Tract 528.02, Wake County, North Carolina",586,172,414
1500000US371350107011,"Block Group 1, Census Tract 107.01, Orange County, North Carolina",635,11,624
1500000US371350111013,"Block Group 3, Census Tract 111.01, Orange County, North Carolina",318,70,248
1500000US371350111011,"Block Group 1, Census Tract 111.01, Orange County, North Carolina",317,0,317
1500000US371350115001,"Block Group 1, Census Tract 115, Orange County, North Carolina",473,7,466
1500000US371350117002,"Block Group 2, Census Tract 117, Orange County, North Carolina",255,0,255
1500000US371350113001,"Block Group 1, Census Tract 113, Orange County, North Carolina",273,31,242
1500000US371350114001,"Block Group 1, Census Tract 114, Orange County, North Carolina",401,0,401
1500000US371350111022,"Block Group 2, Census Tract 111.02, Orange County, North Carolina",295,32,263
1500000US371350111021,"Block Group 1, Census Tract 111.02, Orange County, North Carolina",965,82,883
1500000US371350112022,"Block Group 2, Census Tract 112.02, Orange County, North Carolina",533,0,533
1500000US371350112021,"Block Group 1, Census Tract 112.02, Orange County, North Carolina",1082,13,1069
1500000US371350112023,"Block Group 3, Census Tract 112.02, Orange County, North Carolina",700,34,666
1500000US371350118001,"Block Group 1, Census Tract 118, Orange County, North Carolina",118,2,116
1500000US371350107031,"Block Group 1, Census Tract 107.03, Orange County, North Carolina",415,98,317
1500000US371350107041,"Block Group 1, Census Tract 107.04, Orange County, North Carolina",421,10,411
1500000US371350107042,"Block Group 2, Census Tract 107.04, Orange County, North Carolina",319,21,298
1500000US371350108012,"Block Group 2, Census Tract 108.01, Orange County, North Carolina",980,22,958
1500000US371350110004,"Block Group 4, Census Tract 110, Orange County, North Carolina",160,0,160
1500000US371350110001,"Block Group 1, Census Tract 110, Orange County, North Carolina",986,28,958
1500000US371350110005,"Block Group 5, Census Tract 110, Orange County, North Carolina",192,13,179
1500000US371350110002,"Block Group 2, Census Tract 110, Orange County, North Carolina",316,12,304
1500000US371350112031,"Block Group 1, Census Tract 112.03, Orange County, North Carolina",679,7,672
1500000US371350112033,"Block Group 3, Census Tract 112.03, Orange County, North Carolina",375,14,361
1500000US371350121004,"Block Group 4, Census Tract 121, Orange County, North Carolina",457,0,457
1500000US371350121003,"Block Group 3, Census Tract 121, Orange County, North Carolina",267,20,247
1500000US371350121002,"Block Group 2, Census Tract 121, Orange County, North Carolina",529,33,496
1500000US371350121001,"Block Group 1, Census Tract 121, Orange County, North Carolina",597,43,554
1500000US371350108021,"Block Group 1, Census Tract 108.02, Orange County, North Carolina",531,13,518
1500000US371350107032,"Block Group 2, Census Tract 107.03, Orange County, North Carolina",156,58,98
1500000US371350107033,"Block Group 3, Census Tract 107.03, Orange County, North Carolina",293,42,251
1500000US371350107043,"Block Group 3, Census Tract 107.04, Orange County, North Carolina",648,11,637
1500000US371350107051,"Block Group 1, Census Tract 107.05, Orange County, North Carolina",447,13,434
1500000US371350107053,"Block Group 3, Census Tract 107.05, Orange County, North Carolina",344,0,344
1500000US371350107054,"Block Group 4, Census Tract 107.05, Orange County, North Carolina",50,0,50
1500000US371350107062,"Block Group 2, Census Tract 107.06, Orange County, North Carolina",514,0,514
1500000US371350109022,"Block Group 2, Census Tract 109.02, Orange County, North Carolina",1085,39,1046
1500000US371350109011,"Block Group 1, Census Tract 109.01, Orange County, North Carolina",734,37,697
1500000US371350109013,"Block Group 3, Census Tract 109.01, Orange County, North Carolina",385,56,329
1500000US371350109021,"Block Group 1, Census Tract 109.02, Orange County, North Carolina",418,25,393
1500000US371350111015,"Block Group 5, Census Tract 111.01, Orange County, North Carolina",457,87,370
1500000US371350111023,"Block Group 3, Census Tract 111.02, Orange County, North Carolina",351,39,312
1500000US371350112041,"Block Group 1, Census Tract 112.04, Orange County, North Carolina",478,23,455
1500000US371350112042,"Block Group 2, Census Tract 112.04, Orange County, North Carolina",465,8,457
1500000US371350112051,"Block Group 1, Census Tract 112.05, Orange County, North Carolina",842,0,842
1500000US371350112052,"Block Group 2, Census Tract 112.05, Orange County, North Carolina",715,0,715
1500000US371350112053,"Block Group 3, Census Tract 112.05, Orange County, North Carolina",387,0,387
1500000US371350116011,"Block Group 1, Census Tract 116.01, Orange County, North Carolina",0,0,0
1500000US371350116012,"Block Group 2, Census Tract 116.01, Orange County, North Carolina",0,0,0
1500000US371350116021,"Block Group 1, Census Tract 116.02, Orange County, North Carolina",0,0,0
1500000US371350116022,"Block Group 2, Census Tract 116.02, Orange County, North Carolina",0,0,0
1500000US371350116023,"Block Group 3, Census Tract 116.02, Orange County, North Carolina",187,58,129
1500000US371350118002,"Block Group 2, Census Tract 118, Orange County, North Carolina",370,35,335
1500000US371350122012,"Block Group 2, Census Tract 122.01, Orange County, North Carolina",138,24,114
1500000US371350122021,"Block Group 1, Census Tract 122.02, Orange County, North Carolina",195,0,195
1500000US371350122022,"Block Group 2, Census Tract 122.02, Orange County, North Carolina",545,0,545
1500000US371350122023,"Block Group 3, Census Tract 122.02, Orange County, North Carolina",565,13,552
1500000US371350119011,"Block Group 1, Census Tract 119.01, Orange County, North Carolina",689,0,689
1500000US371350119012,"Block Group 2, Census Tract 119.01, Orange County, North Carolina",308,37,271
1500000US371350119013,"Block Group 3, Census Tract 119.01, Orange County, North Carolina",120,0,120
1500000US371350119021,"Block Group 1, Census Tract 119.02, Orange County, North Carolina",640,41,599
1500000US371350119022,"Block Group 2, Census Tract 119.02, Orange County, North Carolina",408,29,379
1500000US371350122011,"Block Group 1, Census Tract 122.01, Orange County, North Carolina",558,9,549
1500000US371350108022,"Block Group 2, Census Tract 108.02, Orange County, North Carolina",878,8,870
1500000US371350111012,"Block Group 2, Census Tract 111.01, Orange County, North Carolina",382,25,357
1500000US371350117001,"Block Group 1, Census Tract 117, Orange County, North Carolina",128,0,128
1500000US371350114002,"Block Group 2, Census Tract 114, Orange County, North Carolina",107,28,79
1500000US371350108013,"Block Group 3, Census Tract 108.01, Orange County, North Carolina",234,0,234
1500000US371350108011,"Block Group 1, Census Tract 108.01, Orange County, North Carolina",295,11,284
1500000US371350110003,"Block Group 3, Census Tract 110, Orange County, North Carolina",375,63,312
1500000US371350112032,"Block Group 2, Census Tract 112.03, Orange County, North Carolina",419,15,404
1500000US371350107034,"Block Group 4, Census Tract 107.03, Orange County, North Carolina",130,0,130
1500000US371350107052,"Block Group 2, Census Tract 107.05, Orange County, North Carolina",236,44,192
1500000US371350107061,"Block Group 1, Census Tract 107.06, Orange County, North Carolina",453,29,424
1500000US371350109012,"Block Group 2, Census Tract 109.01, Orange County, North Carolina",413,23,390
1500000US371350111014,"Block Group 4, Census Tract 111.01, Orange County, North Carolina",755,53,702
