Geo_FIPS,total,poverty,non-poverty
370010201001,527,94,433
370010201002,625,75,550
370010201003,401,166,235
370010201004,289,81,208
370010202001,242,84,158
370010202002,150,23,127
370010202003,362,147,215
370010202004,595,299,296
370010203011,410,124,286
370010203012,363,50,313
370010203013,649,192,457
370010203021,485,19,466
370010203022,743,173,570
370010204001,1098,397,701
370010204002,475,135,340
370010204003,287,64,223
370010204004,127,57,70
370010204005,539,26,513
370010205011,967,153,814
370010205012,413,18,395
370010205021,1028,396,632
370010205022,185,59,126
370010205023,263,8,255
370010206011,409,19,390
370010206012,436,0,436
370010206013,586,19,567
370010206021,275,0,275
370010206022,1024,64,960
370010207011,670,114,556
370010207012,595,79,516
370010207013,294,38,256
370010207014,856,12,844
370010207021,601,38,563
370010207022,627,221,406
370010207023,842,81,761
370010207024,465,106,359
370010208011,689,39,650
370010208021,273,79,194
370010208022,337,94,243
370010208023,679,213,466
370010208024,289,131,158
370010208025,202,9,193
370010208026,536,61,475
370010209011,599,15,584
370010209012,432,56,376
370010209013,500,39,461
370010209021,803,110,693
370010209022,670,25,645
370010210001,614,245,369
370010210002,684,283,401
370010210003,398,149,249
370010211011,247,0,247
370010211012,885,139,746
370010211013,163,53,110
370010211021,421,157,264
370010211022,391,22,369
370010211023,638,126,512
370010212011,985,119,866
370010212012,808,108,700
370010212013,425,42,383
370010212041,448,90,358
370010212042,1479,174,1305
370010212051,280,15,265
370010212052,1064,154,910
370010212053,1804,164,1640
370010212061,407,68,339
370010212062,1035,0,1035
370010212063,585,74,511
370010212071,767,95,672
370010212072,726,162,564
370010213001,536,44,492
370010213002,452,58,394
370010213003,395,40,355
370010213004,547,11,536
370010213005,452,47,405
370010214001,637,56,581
370010214002,619,72,547
370010215001,403,22,381
370010215002,442,8,434
370010215003,832,54,778
370010216001,423,49,374
370010216002,592,49,543
370010216003,631,0,631
370010216004,633,118,515
370010217011,579,23,556
370010217012,962,27,935
370010217021,510,369,141
370010217022,1000,0,1000
370010217023,653,191,462
370010217031,1340,13,1327
370010217032,977,54,923
370010217033,582,88,494
370010218011,930,25,905
370010218012,505,9,496
370010218013,358,49,309
370010218021,718,71,647
370010218022,696,65,631
370010218031,701,75,626
370010218032,525,56,469
370010219011,547,133,414
370010219012,809,30,779
370010219013,532,53,479
370010219021,617,41,576
370010219022,286,0,286
370010219023,714,90,624
370010220011,816,63,753
370010220012,676,40,636
370010220021,735,40,695
370010220022,521,173,348
370010220023,406,45,361
370030401001,481,32,449
370030401002,200,56,144
370030401003,539,80,459
370030402001,462,32,430
370030402002,259,48,211
370030402003,987,65,922
370030403001,397,66,331
370030403002,857,95,762
370030404001,740,156,584
370030404002,416,153,263
370030404003,667,47,620
370030404004,497,91,406
370030404005,444,75,369
370030405001,521,53,468
370030405002,324,79,245
370030405003,693,59,634
370030405004,844,84,760
370030406001,565,24,541
370030406002,556,0,556
370030406003,507,54,453
370030406004,356,69,287
370030407001,435,0,435
370030407002,693,43,650
370030407003,690,49,641
370030407004,919,92,827
370059501001,442,114,328
370059501002,395,78,317
370059501003,511,157,354
370059501004,471,47,424
370059502001,460,114,346
370059502002,331,82,249
370059502003,634,139,495
370059502004,306,25,281
370059503001,514,138,376
370059503002,578,41,537
370059503003,359,68,291
370079201001,343,113,230
370079201002,574,87,487
370079201003,618,108,510
370079202001,830,220,610
370079203011,517,13,504
370079203012,826,105,721
370079203013,685,59,626
370079203021,178,0,178
370079204001,328,125,203
370079204002,303,36,267
370079204003,640,284,356
370079205011,417,42,375
370079205021,438,147,291
370079205022,234,26,208
370079205023,530,68,462
370079205024,594,94,500
370079206001,672,69,603
370079206002,542,91,451
370079206003,534,75,459
370079800001,0,0,0
370099702001,352,76,276
370099702002,486,49,437
370099702003,398,33,365
370099703001,622,207,415
370099703002,542,72,470
370099704001,524,92,432
370099704002,813,82,731
370099704003,888,126,762
370099705011,608,152,456
370099705012,197,74,123
370099705013,402,52,350
370099705021,448,66,382
370099705022,337,70,267
370099705023,375,37,338
370099707011,128,24,104
370099707012,546,0,546
370099707013,250,0,250
370099707014,880,128,752
370099707021,479,18,461
370099707022,404,13,391
370099708011,240,112,128
370099708012,359,101,258
370099708013,315,3,312
370099708021,650,115,535
370099708022,126,36,90
370099708023,516,152,364
370119301001,628,94,534
370119301002,402,5,397
370119301003,270,94,176
370119302001,404,35,369
370119302002,282,61,221
370119302003,429,9,420
370119303011,469,59,410
370119303012,361,90,271
370119303013,367,56,311
370119303014,580,61,519
370119303021,178,45,133
370119303022,516,127,389
370119303023,346,87,259
370119304001,460,54,406
370119304002,465,0,465
370119304003,412,72,340
370139301011,535,88,447
370139301012,257,11,246
370139301013,536,77,459
370139301021,247,37,210
370139301022,295,70,225
370139301023,235,86,149
370139302001,1065,238,827
370139302002,763,0,763
370139302003,480,119,361
370139302004,252,134,118
370139303001,780,274,506
370139303002,257,35,222
370139303003,596,132,464
370139304001,275,31,244
370139304002,1029,72,957
370139304003,514,215,299
370139304004,465,353,112
370139305011,884,74,810
370139305012,672,276,396
370139305013,538,14,524
370139305021,454,54,400
370139305022,278,0,278
370139305023,818,170,648
370139306001,467,22,445
370139306002,171,7,164
370139306003,686,41,645
370139307001,522,107,415
370139307002,430,32,398
370139307003,294,22,272
370139308001,379,129,250
370139308002,376,106,270
370139308003,384,115,269
370139309001,494,34,460
370139309002,310,61,249
370139309003,744,20,724
370139309004,301,0,301
370139310011,424,12,412
370139310012,641,92,549
370139310021,907,196,711
370139310022,464,47,417
370159601001,422,67,355
370159601002,273,30,243
370159601003,508,151,357
370159601004,349,32,317
370159601005,409,139,270
370159601006,288,69,219
370159602001,397,86,311
370159602002,703,155,548
370159602003,725,263,462
370159603001,581,170,411
370159603002,227,26,201
370159603003,684,150,534
370159604011,249,75,174
370159604012,422,102,320
370159604013,265,47,218
370159604014,447,94,353
370159604020,0,0,0
370159604021,363,177,186
370159604022,696,240,456
370159604023,0,0,0
370179501011,622,12,610
370179501012,342,47,295
370179501021,243,131,112
370179501022,525,115,410
370179501023,160,72,88
370179502001,658,220,438
370179502002,654,136,518
370179503011,642,190,452
370179503012,466,40,426
370179503021,460,165,295
370179503022,479,100,379
370179503023,390,125,265
370179504011,310,119,191
370179504012,345,271,74
370179504013,546,285,261
370179504014,432,0,432
370179504021,699,112,587
370179504022,229,45,184
370179505011,673,66,607
370179505012,559,30,529
370179505021,768,325,443
370179505022,426,30,396
370179505023,317,0,317
370179505024,198,20,178
370179506011,187,24,163
370179506012,350,125,225
370179506013,306,141,165
370179506014,354,0,354
370179506021,513,132,381
370179506022,541,109,432
370190201011,687,149,538
370190201012,323,41,282
370190201021,605,133,472
370190201022,1951,173,1778
370190201051,499,32,467
370190201052,1373,10,1363
370190201053,927,93,834
370190201061,1172,269,903
370190201071,218,77,141
370190201072,493,24,469
370190201073,542,65,477
370190201081,401,47,354
370190201082,851,166,685
370190202011,1052,192,860
370190202012,1247,179,1068
370190202031,595,42,553
370190202032,274,51,223
370190202041,299,2,297
370190202042,776,89,687
370190202043,998,59,939
370190202044,857,192,665
370190202051,1423,23,1400
370190202052,902,60,842
370190202053,674,1,673
370190202061,809,203,606
370190203041,360,19,341
370190203042,1620,136,1484
370190203043,971,0,971
370190203044,617,0,617
370190203045,692,77,615
370190203051,307,64,243
370190203052,687,47,640
370190203053,441,9,432
370190203061,383,19,364
370190203062,416,23,393
370190203071,126,4,122
370190203081,159,10,149
370190203082,423,15,408
370190203083,276,4,272
370190203111,595,34,561
370190203112,408,47,361
370190203113,324,81,243
370190203121,214,0,214
370190203122,187,145,42
370190203123,151,0,151
370190203131,438,39,399
370190203132,466,39,427
370190203133,399,10,389
370190203141,240,0,240
370190203151,269,15,254
370190203152,189,68,121
370190203153,213,20,193
370190203154,300,64,236
370190203161,339,21,318
370190204041,534,63,471
370190204042,400,90,310
370190204043,353,54,299
370190204051,564,57,507
370190204052,464,21,443
370190204053,364,66,298
370190204061,120,0,120
370190204062,164,10,154
370190204063,185,8,177
370190204071,257,68,189
370190204072,359,124,235
370190204073,323,124,199
370190204081,538,149,389
370190204082,383,190,193
370190204083,387,40,347
370190204091,484,43,441
370190204092,221,94,127
370190204093,213,33,180
370190204094,162,37,125
370190205041,235,3,232
370190205042,350,16,334
370190205043,421,34,387
370190205051,445,129,316
370190205052,288,61,227
370190205053,839,84,755
370190205081,306,9,297
370190205082,512,10,502
370190205083,306,0,306
370190205084,299,82,217
370190205101,392,63,329
370190205102,451,67,384
370190205103,227,84,143
370190205104,126,10,116
370190205111,601,55,546
370190205112,194,33,161
370190205113,186,31,155
370190205121,114,16,98
370190205122,77,14,63
370190205123,156,5,151
370190205124,126,0,126
370190205131,524,33,491
370190205132,108,15,93
370190205141,360,101,259
370190205142,691,98,593
370190205143,343,14,329
370190205151,621,0,621
370190205152,653,12,641
370190205153,413,0,413
370190205154,670,82,588
370190205161,839,38,801
370190205162,410,0,410
370190205163,684,125,559
370190205171,178,6,172
370190205172,304,93,211
370190205173,496,38,458
370190205174,259,100,159
370190205181,190,11,179
370190205182,329,0,329
370190205183,711,42,669
370190206011,718,87,631
370190206012,778,107,671
370190206013,544,222,322
370190206021,368,46,322
370190206022,894,83,811
370190206023,839,19,820
370190206031,602,18,584
370190206032,606,161,445
370199901000,0,0,0
370210001001,349,132,217
370210001002,290,103,187
370210002001,297,86,211
370210002002,332,35,297
370210003001,713,320,393
370210003002,365,40,325
370210004001,714,57,657
370210004002,285,101,184
370210004003,349,55,294
370210005001,518,31,487
370210005002,276,18,258
370210005003,758,71,687
370210006001,323,52,271
370210006002,619,35,584
370210007001,788,86,702
370210008001,350,63,287
370210008002,614,24,590
370210008003,418,4,414
370210009001,334,50,284
370210009002,436,247,189
370210009003,551,218,333
370210010001,756,120,636
370210010002,1065,246,819
370210011001,897,169,728
370210011002,716,54,662
370210011003,700,64,636
370210012001,393,31,362
370210012002,221,0,221
370210012003,248,0,248
370210012004,650,64,586
370210012005,385,13,372
370210013001,842,229,613
370210013002,343,33,310
370210013003,620,219,401
370210014011,278,30,248
370210014012,673,259,414
370210014013,888,39,849
370210014021,806,60,746
370210014022,340,20,320
370210015001,625,117,508
370210015002,446,65,381
370210016011,609,9,600
370210016012,1052,86,966
370210016021,671,29,642
370210016022,567,124,443
370210017001,536,47,489
370210017002,823,16,807
370210018011,1012,148,864
370210018012,894,58,836
370210018021,1383,74,1309
370210018022,918,57,861
370210019001,1287,77,1210
370210019002,883,126,757
370210020001,1208,236,972
370210020002,732,45,687
370210020003,120,30,90
370210020004,706,99,607
370210021011,581,24,557
370210021021,786,49,737
370210021022,557,25,532
370210021023,637,244,393
370210022031,577,71,506
370210022032,948,110,838
370210022033,514,46,468
370210022041,1483,0,1483
370210022042,2468,205,2263
370210022043,328,26,302
370210022044,383,14,369
370210022051,1172,53,1119
370210022052,982,27,955
370210022053,285,0,285
370210022061,1261,8,1253
370210022062,860,67,793
370210023031,323,0,323
370210023032,612,104,508
370210023033,715,14,701
370210023034,723,0,723
370210023041,579,41,538
370210023051,928,22,906
370210023052,1345,207,1138
370210023061,1005,104,901
370210023062,706,139,567
370210024011,304,23,281
370210024012,980,203,777
370210024021,680,133,547
370210024022,695,71,624
370210024023,440,41,399
370210025031,777,98,679
370210025032,673,63,610
370210025033,213,26,187
370210025041,919,241,678
370210025042,288,39,249
370210025043,537,5,532
370210025051,972,104,868
370210025052,462,0,462
370210025053,525,13,512
370210025061,485,70,415
370210025062,468,98,370
370210025063,236,80,156
370210026031,845,109,736
370210026032,494,83,411
370210026041,529,10,519
370210026042,538,32,506
370210026043,525,63,462
370210026044,711,120,591
370210026061,702,44,658
370210026062,413,30,383
370210026063,780,151,629
370210026071,547,34,513
370210026072,582,82,500
370210026073,423,45,378
370210026081,232,0,232
370210026082,275,84,191
370210026083,453,10,443
370210026084,318,18,300
370210026085,495,94,401
370210026091,415,35,380
370210027011,518,71,447
370210027012,667,28,639
370210027013,146,12,134
370210027021,979,40,939
370210027022,374,38,336
370210027023,694,32,662
370210027041,329,16,313
370210027042,724,69,655
370210027043,261,0,261
370210027044,495,67,428
370210027051,559,15,544
370210028031,368,13,355
370210028032,343,74,269
370210028033,854,145,709
370210028041,346,51,295
370210028042,777,12,765
370210028043,958,77,881
370210029001,787,53,734
370210029002,314,7,307
370210029003,539,58,481
370210030021,346,76,270
370210030022,385,31,354
370210030023,332,94,238
370210030024,1820,258,1562
370210030031,658,45,613
370210030032,997,175,822
370210030033,787,119,668
370210030041,183,34,149
370210030042,759,66,693
370210031031,823,80,743
370210031051,238,9,229
370210031052,453,23,430
370210031053,534,60,474
370210031061,558,0,558
370210031071,918,75,843
370210031072,191,7,184
370210031073,321,0,321
370210031074,565,0,565
370210031081,1155,38,1117
370210032011,741,24,717
370210032021,499,45,454
370210032022,221,37,184
370210032023,511,3,508
370210032024,252,8,244
370210032031,408,39,369
370210032032,325,0,325
370210032033,1548,221,1327
370210032041,876,94,782
370210032042,623,49,574
370210032043,771,96,675
370210032051,686,232,454
370230201001,348,34,314
370230201002,954,257,697
370230201003,441,118,323
370230202021,643,120,523
370230202022,1070,103,967
370230202031,486,48,438
370230202032,798,113,685
370230202041,762,82,680
370230202042,389,52,337
370230203011,670,59,611
370230203012,498,58,440
370230203013,284,46,238
370230203014,771,87,684
370230203031,580,72,508
370230203032,629,127,502
370230203033,914,61,853
370230203041,647,63,584
370230203042,404,37,367
370230205001,756,167,589
370230205002,321,13,308
370230206001,530,153,377
370230206002,285,90,195
370230206003,373,0,373
370230206004,298,58,240
370230206005,545,96,449
370230208011,1002,161,841
370230208012,433,104,329
370230208013,957,133,824
370230208021,634,119,515
370230208022,817,55,762
370230209011,870,51,819
370230209012,591,43,548
370230209021,412,120,292
370230209022,345,0,345
370230209023,579,85,494
370230210001,738,80,658
370230210002,446,33,413
370230210003,756,104,652
370230210004,200,34,166
370230211001,836,130,706
370230211002,638,84,554
370230211003,336,68,268
370230211004,625,119,506
370230212011,459,121,338
370230212012,663,129,534
370230212013,626,121,505
370230212021,585,167,418
370230212022,708,223,485
370230212023,687,60,627
370230212031,921,189,732
370230212032,607,92,515
370230213011,437,82,355
370230213012,435,197,238
370230213013,394,44,350
370230213014,429,44,385
370230213021,532,64,468
370230213022,379,64,315
370230213023,448,107,341
370230214001,917,210,707
370230214002,187,12,175
370230214003,639,109,530
370250405011,650,69,581
370250405012,303,51,252
370250405013,359,0,359
370250405014,371,0,371
370250405015,860,61,799
370250405021,762,109,653
370250405022,852,83,769
370250405023,605,38,567
370250406001,823,26,797
370250406002,404,0,404
370250406003,927,73,854
370250406004,645,85,560
370250407011,410,112,298
370250407012,257,90,167
370250407031,521,116,405
370250407032,334,81,253
370250407041,769,113,656
370250407042,663,150,513
370250407051,469,21,448
370250407052,719,29,690
370250408001,393,40,353
370250408002,435,46,389
370250408003,503,121,382
370250409001,801,72,729
370250410011,564,66,498
370250410012,396,38,358
370250410021,648,126,522
370250410022,325,98,227
370250411001,402,11,391
370250411002,627,75,552
370250411003,766,67,699
370250411004,533,51,482
370250412011,705,100,605
370250412012,666,28,638
370250412021,442,59,383
370250412022,253,0,253
370250412023,1157,16,1141
370250413011,1734,68,1666
370250413012,614,30,584
370250413041,1026,0,1026
370250413042,1169,58,1111
370250413051,589,0,589
370250413052,313,0,313
370250413061,850,29,821
370250413062,896,19,877
370250413071,852,0,852
370250413072,691,0,691
370250413073,734,0,734
370250415031,1542,92,1450
370250415041,494,0,494
370250415042,820,9,811
370250415051,954,73,881
370250415052,885,105,780
370250415053,203,7,196
370250415061,918,40,878
370250415062,723,49,674
370250415071,562,67,495
370250415072,619,0,619
370250416021,637,51,586
370250416022,891,109,782
370250416031,561,102,459
370250416032,817,104,713
370250416041,608,35,573
370250416042,233,0,233
370250416043,407,28,379
370250416044,251,38,213
370250417011,418,17,401
370250417012,472,22,450
370250417013,674,75,599
370250417021,425,116,309
370250417022,453,0,453
370250417023,347,25,322
370250419011,360,178,182
370250419012,362,121,241
370250419021,586,124,462
370250419022,696,268,428
370250419023,230,10,220
370250420001,559,110,449
370250420002,367,44,323
370250420003,829,86,743
370250421011,474,81,393
370250421012,352,58,294
370250421013,269,9,260
370250421014,190,120,70
370250421021,689,43,646
370250421022,751,116,635
370250422011,301,0,301
370250422012,440,24,416
370250422013,411,31,380
370250422021,648,57,591
370250422022,551,0,551
370250422023,264,6,258
370250423001,438,70,368
370250423002,667,118,549
370250423003,660,137,523
370250424011,663,76,587
370250424012,706,83,623
370250424021,507,26,481
370250424022,583,28,555
370250424023,584,130,454
370250424024,272,58,214
370250425011,584,19,565
370250425012,864,61,803
370250425021,465,75,390
370250425022,472,30,442
370250425031,763,86,677
370250425032,1157,62,1095
370250425041,511,5,506
370250426011,924,21,903
370250426012,427,23,404
370250426013,573,36,537
370250426021,399,32,367
370250426022,988,59,929
370250426031,648,46,602
370250426032,868,30,838
370250426033,956,70,886
370250426034,664,32,632
370250426041,511,40,471
370250426042,233,0,233
370250426043,726,21,705
370270301001,417,19,398
370270301002,390,67,323
370270301003,250,0,250
370270301004,299,42,257
370270301005,509,105,404
370270301006,385,98,287
370270302001,524,52,472
370270302002,328,140,188
370270302003,563,185,378
370270302004,727,110,617
370270303001,242,68,174
370270303002,361,41,320
370270303003,472,99,373
370270303004,549,74,475
370270304001,349,77,272
370270304002,223,35,188
370270304003,521,124,397
370270304004,437,108,329
370270305001,919,25,894
370270305002,723,273,450
370270305003,383,58,325
370270306001,440,163,277
370270306002,747,86,661
370270306003,557,42,515
370270307001,542,64,478
370270307002,563,65,498
370270307003,489,28,461
370270307004,619,60,559
370270307005,490,151,339
370270308011,434,118,316
370270308012,874,110,764
370270308021,381,77,304
370270308022,633,95,538
370270308023,483,66,417
370270309001,373,87,286
370270309002,428,33,395
370270309003,475,93,382
370270309004,581,84,497
370270310001,499,68,431
370270310002,410,31,379
370270310003,408,30,378
370270311001,364,83,281
370270311002,555,31,524
370270311003,525,84,441
370270311004,314,15,299
370270312011,283,0,283
370270312012,394,17,377
370270312013,392,80,312
370270312014,620,57,563
370270312021,1079,102,977
370270312022,846,216,630
370270313011,647,15,632
370270313012,1215,25,1190
370270313021,850,12,838
370270313022,522,43,479
370270313023,301,75,226
370270314011,1219,77,1142
370270314012,367,11,356
370270314021,564,102,462
370270314022,585,14,571
370270314023,274,16,258
370270314031,588,213,375
370270314032,297,66,231
370299501011,1332,67,1265
370299501012,997,39,958
370299501020,0,0,0
370299501021,777,146,631
370299501022,553,18,535
370299501023,253,0,253
370319701011,344,28,316
370319701021,154,0,154
370319701022,382,8,374
370319701023,823,21,802
370319701031,260,18,242
370319701032,398,66,332
370319701033,455,108,347
370319702001,328,39,289
370319702002,210,6,204
370319703011,247,0,247
370319703012,410,83,327
370319703013,1403,212,1191
370319703041,303,68,235
370319703042,700,150,550
370319703051,351,50,301
370319703052,515,56,459
370319704011,869,160,709
370319704021,611,81,530
370319704031,165,39,126
370319704032,451,15,436
370319705011,942,170,772
370319705012,439,15,424
370319705021,640,40,600
370319705022,371,34,337
370319705031,316,118,198
370319705032,781,29,752
370319705041,483,15,468
370319705042,246,47,199
370319706011,496,43,453
370319706021,500,24,476
370319706031,520,82,438
370319706061,637,18,619
370319706062,355,42,313
370319706063,694,49,645
370319707011,494,115,379
370319707021,980,95,885
370319707022,349,82,267
370319707031,796,23,773
370319707032,556,18,538
370319707033,269,45,224
370319707034,84,0,84
370319707041,424,46,378
370319707042,552,11,541
370319708011,383,0,383
370319708012,268,45,223
370319708013,443,25,418
370319708041,664,44,620
370319708042,485,20,465
370319708043,407,20,387
370319708051,744,81,663
370319708061,281,6,275
370319708062,508,36,472
370319708063,1046,77,969
370319709031,533,16,517
370319709041,561,17,544
370319709042,614,12,602
370319710031,195,3,192
370319710032,635,16,619
370319711031,480,16,464
370319711032,510,24,486
370319801001,0,0,0
370319901000,0,0,0
370319902000,0,0,0
370339301001,646,56,590
370339301002,376,85,291
370339302001,157,5,152
370339302002,586,154,432
370339302003,361,81,280
370339302004,1043,341,702
370339303001,872,270,602
370339303002,398,14,384
370339303003,339,55,284
370339304001,538,80,458
370339304002,350,21,329
370339305001,432,34,398
370339305002,310,0,310
370339305003,783,171,612
370339306001,460,37,423
370339306002,482,97,385
370339306003,501,0,501
370339306004,359,40,319
370350101011,467,37,430
370350101012,764,17,747
370350101013,564,53,511
370350101014,515,23,492
370350101021,373,55,318
370350101022,730,46,684
370350101023,710,40,670
370350102011,912,38,874
370350102012,464,36,428
370350102013,375,24,351
370350102031,490,65,425
370350102032,822,63,759
370350102041,929,239,690
370350102042,513,65,448
370350102043,460,13,447
370350103011,426,39,387
370350103012,564,121,443
370350103013,887,122,765
370350103021,927,59,868
370350103022,221,16,205
370350103023,823,152,671
370350103024,611,64,547
370350103031,591,120,471
370350103032,1244,97,1147
370350103041,401,37,364
370350103042,381,82,299
370350103043,749,150,599
370350104021,958,176,782
370350104022,481,106,375
370350104023,480,85,395
370350104031,1045,72,973
370350104032,1006,260,746
370350104041,596,83,513
370350104042,549,28,521
370350105011,868,28,840
370350105012,590,7,583
370350105021,855,18,837
370350105022,555,86,469
370350106001,767,43,724
370350106002,245,0,245
370350106003,645,98,547
370350106004,860,251,609
370350107001,276,15,261
370350107002,424,95,329
370350107003,352,66,286
370350109001,717,252,465
370350109002,767,319,448
370350110001,487,115,372
370350110002,331,116,215
370350111011,620,76,544
370350111012,701,67,634
370350111021,547,81,466
370350111022,441,91,350
370350111023,973,127,846
370350111024,1035,135,900
370350112001,1041,64,977
370350112002,408,36,372
370350112003,319,16,303
370350112004,597,0,597
370350113001,839,51,788
370350113002,837,46,791
370350113003,917,228,689
370350114011,798,200,598
370350114012,579,99,480
370350114013,491,184,307
370350114021,622,78,544
370350114022,561,55,506
370350114023,408,32,376
370350115011,1043,79,964
370350115012,823,96,727
370350115013,330,77,253
370350115031,821,60,761
370350115032,610,48,562
370350115051,870,19,851
370350115052,676,75,601
370350115061,518,64,454
370350115062,763,45,718
370350116011,502,106,396
370350116012,824,168,656
370350116013,338,20,318
370350116021,397,43,354
370350116022,771,124,647
370350116023,345,0,345
370350116024,496,39,457
370350117011,695,54,641
370350117012,667,15,652
370350117013,490,17,473
370350117021,822,18,804
370350117022,806,26,780
370350117023,492,47,445
370350117024,304,17,287
370350117025,447,22,425
370350118011,713,63,650
370350118012,732,66,666
370350118013,894,9,885
370350118021,324,11,313
370350118022,505,98,407
370350118023,714,121,593
370350118024,707,99,608
370370201031,711,79,632
370370201032,444,47,397
370370201033,730,10,720
370370201041,775,11,764
370370201042,589,4,585
370370201043,646,37,609
370370201044,477,8,469
370370201051,575,42,533
370370201052,287,24,263
370370201053,1656,30,1626
370370201071,444,53,391
370370201072,306,53,253
370370201073,332,13,319
370370201081,434,100,334
370370201082,287,8,279
370370202011,907,105,802
370370202012,379,24,355
370370202021,679,57,622
370370202022,594,13,581
370370202031,463,65,398
370370202032,551,121,430
370370203001,488,82,406
370370203002,216,9,207
370370203003,294,10,284
370370204011,621,115,506
370370204012,458,53,405
370370204013,324,35,289
370370204014,668,172,496
370370204021,345,49,296
370370204022,610,376,234
370370204023,323,157,166
370370204024,694,124,570
370370205001,253,6,247
370370205002,253,51,202
370370205003,219,38,181
370370205004,640,179,461
370370206001,253,34,219
370370206002,232,0,232
370370206003,409,20,389
370370206004,504,21,483
370370206005,608,180,428
370370207021,728,32,696
370370207022,373,29,344
370370207023,443,10,433
370370207024,302,54,248
370370207031,1891,45,1846
370370207032,132,0,132
370370207041,384,0,384
370370207042,412,46,366
370370207043,317,0,317
370370208011,993,64,929
370370208012,348,0,348
370370208013,270,18,252
370370208014,472,29,443
370370208021,649,118,531
370370208022,580,117,463
370370208031,322,0,322
370370208032,610,0,610
370399301011,273,0,273
370399301012,444,90,354
370399301013,371,110,261
370399301021,490,14,476
370399301022,419,51,368
370399302001,635,137,498
370399302002,375,0,375
370399303001,857,115,742
370399303002,225,35,190
370399304011,541,43,498
370399304012,552,168,384
370399304013,395,59,336
370399304021,320,98,222
370399304022,596,131,465
370399305011,297,17,280
370399305012,470,14,456
370399305021,466,67,399
370399305022,710,145,565
370399305023,506,63,443
370399306031,609,64,545
370399306032,247,81,166
370399306041,655,192,463
370399306042,202,48,154
370399306051,543,127,416
370399306052,351,40,311
370399306061,454,90,364
370399306062,543,49,494
370419301010,0,0,0
370419301011,521,199,322
370419301012,677,158,519
370419301013,722,139,583
370419301014,367,309,58
370419301020,0,0,0
370419301021,640,70,570
370419301022,398,47,351
370419302011,551,12,539
370419302012,634,118,516
370419302013,252,0,252
370419302014,618,0,618
370419302021,498,39,459
370419302022,511,86,425
370439501011,429,86,343
370439501012,953,203,750
370439501021,596,14,582
370439501022,493,30,463
370439502011,678,124,554
370439502012,960,237,723
370439502021,469,106,363
370439502022,722,149,573
370459501011,552,143,409
370459501012,592,78,514
370459501013,294,77,217
370459501014,329,41,288
370459501021,613,193,420
370459501022,384,73,311
370459502001,460,78,382
370459502002,458,88,370
370459502003,345,35,310
370459502004,465,57,408
370459503011,540,105,435
370459503012,294,79,215
370459503013,384,79,305
370459503014,381,39,342
370459503021,524,73,451
370459503022,546,33,513
370459503023,594,63,531
370459503024,330,42,288
370459504001,540,106,434
370459504002,652,239,413
370459504003,494,129,365
370459504004,343,62,281
370459504005,528,73,455
370459504006,356,30,326
370459505001,394,66,328
370459505002,476,76,400
370459505003,558,252,306
370459506011,534,103,431
370459506012,360,43,317
370459506013,497,140,357
370459506031,547,86,461
370459506032,545,17,528
370459506041,305,90,215
370459506042,807,216,591
370459507011,650,127,523
370459507012,418,14,404
370459507013,529,227,302
370459507021,749,67,682
370459507022,794,154,640
370459508001,480,55,425
370459508002,656,136,520
370459508003,681,159,522
370459509001,527,166,361
370459509002,416,101,315
370459509003,342,104,238
370459510001,309,10,299
370459510002,349,101,248
370459510003,513,74,439
370459511001,521,73,448
370459511002,312,158,154
370459511003,439,93,346
370459512001,413,14,399
370459512002,146,0,146
370459512003,445,185,260
370459512004,403,43,360
370459512005,537,37,500
370459512006,314,98,216
370459513001,490,86,404
370459513002,653,88,565
370459514001,531,171,360
370459514002,358,33,325
370459514003,295,32,263
370459514004,582,176,406
370459514005,327,98,229
370459515011,580,16,564
370459515012,684,53,631
370459515013,266,57,209
370459515021,472,32,440
370459515031,334,43,291
370459515032,450,80,370
370459516011,512,48,464
370459516012,184,37,147
370459516013,687,195,492
370459516021,433,115,318
370459516022,655,104,551
370459516023,270,179,91
370459516024,362,33,329
370479301001,405,80,325
370479301002,765,154,611
370479301003,487,65,422
370479302001,846,143,703
370479303001,305,80,225
370479303002,430,62,368
370479303003,232,24,208
370479304001,669,54,615
370479304002,350,93,257
370479304003,409,7,402
370479305001,537,144,393
370479305002,450,58,392
370479305003,211,19,192
370479305004,637,135,502
370479306001,165,78,87
370479306002,181,27,154
370479306003,699,134,565
370479306004,359,46,313
370479307001,231,89,142
370479307002,354,181,173
370479307003,498,77,421
370479307004,413,80,333
370479307005,530,135,395
370479308001,387,9,378
370479308002,483,72,411
370479308003,430,100,330
370479308004,303,100,203
370479309001,422,22,400
370479309002,147,28,119
370479309003,749,335,414
370479309004,386,86,300
370479310001,811,205,606
370479310002,695,116,579
370479310003,577,195,382
370479311001,473,146,327
370479311002,678,161,517
370479311003,305,61,244
370479312011,345,72,273
370479312012,510,162,348
370479312013,212,55,157
370479312014,446,91,355
370479312021,362,88,274
370479312022,308,86,222
370479313011,440,42,398
370479313012,618,154,464
370479313021,341,21,320
370479313022,453,292,161
370479313023,501,69,432
370499601011,558,23,535
370499601012,1061,91,970
370499601021,460,17,443
370499601022,374,87,287
370499601023,1014,156,858
370499601024,227,26,201
370499602011,666,60,606
370499602012,1022,177,845
370499602021,589,117,472
370499602022,587,81,506
370499602023,550,218,332
370499603011,577,19,558
370499603012,426,90,336
370499603021,392,98,294
370499603022,901,48,853
370499603023,354,59,295
370499604011,762,48,714
370499604012,1389,177,1212
370499604021,713,47,666
370499604022,510,114,396
370499604023,446,75,371
370499604031,282,0,282
370499604032,937,34,903
370499604033,429,0,429
370499604041,665,39,626
370499604042,664,33,631
370499605011,842,73,769
370499605012,305,0,305
370499605013,595,175,420
370499605021,182,59,123
370499605022,1546,407,1139
370499606001,1055,148,907
370499606002,441,0,441
370499606003,475,199,276
370499606004,503,59,444
370499607001,469,66,403
370499607002,370,32,338
370499608001,149,90,59
370499608002,396,78,318
370499608003,252,36,216
370499608004,168,54,114
370499609001,427,31,396
370499609002,451,266,185
370499609003,113,7,106
370499610021,861,12,849
370499610022,284,74,210
370499610023,240,59,181
370499610024,256,11,245
370499610031,216,14,202
370499610032,1186,83,1103
370499610033,1350,108,1242
370499610041,284,104,180
370499610042,972,0,972
370499610043,540,15,525
370499611011,899,43,856
370499611012,899,236,663
370499611021,723,15,708
370499611022,736,56,680
370499612011,465,26,439
370499612012,442,53,389
370499612013,210,34,176
370499612021,263,93,170
370499613011,546,85,461
370499613012,530,54,476
370499613013,267,22,245
370499613021,674,77,597
370499613022,561,115,446
370499613023,698,74,624
370499613031,423,60,363
370499613032,623,77,546
370499613033,560,79,481
370510002001,114,38,76
370510002002,628,385,243
370510002003,290,109,181
370510005001,568,155,413
370510005002,183,102,81
370510005003,170,63,107
370510006001,563,206,357
370510006002,385,52,333
370510006003,816,93,723
370510006004,189,112,77
370510006005,473,44,429
370510007011,804,119,685
370510007012,502,17,485
370510007013,1062,256,806
370510007021,583,71,512
370510007022,371,29,342
370510008001,428,22,406
370510008002,453,73,380
370510008003,466,90,376
370510009001,374,69,305
370510009002,355,60,295
370510009003,358,13,345
370510009004,413,151,262
370510009005,407,64,343
370510009006,365,15,350
370510010001,511,133,378
370510010002,697,313,384
370510011001,456,86,370
370510011002,406,158,248
370510011003,511,130,381
370510012001,655,236,419
370510012002,251,181,70
370510012003,397,210,187
370510012004,818,184,634
370510012005,427,85,342
370510014011,206,0,206
370510014012,666,126,540
370510014013,683,151,532
370510014021,503,113,390
370510014022,502,237,265
370510015001,614,31,583
370510015002,552,91,461
370510016031,721,119,602
370510016032,320,47,273
370510016033,320,149,171
370510016041,586,221,365
370510016042,988,137,851
370510016043,875,40,835
370510016044,439,138,301
370510016051,748,121,627
370510016052,265,56,209
370510016053,283,31,252
370510016061,701,145,556
370510016062,698,88,610
370510017011,767,101,666
370510017012,405,118,287
370510017021,712,120,592
370510017022,924,132,792
370510017023,481,177,304
370510018001,515,127,388
370510018002,491,90,401
370510019011,348,59,289
370510019012,530,120,410
370510019021,837,193,644
370510019022,939,139,800
370510019031,532,158,374
370510019032,547,114,433
370510019033,253,30,223
370510019034,346,120,226
370510020011,789,120,669
370510020012,693,115,578
370510020021,159,81,78
370510020022,1025,239,786
370510020023,444,71,373
370510020024,525,52,473
370510021001,739,106,633
370510021002,775,230,545
370510021003,431,9,422
370510022001,734,97,637
370510022002,534,140,394
370510023011,614,318,296
370510023012,478,52,426
370510023013,521,169,352
370510023021,263,151,112
370510023022,203,16,187
370510024011,332,142,190
370510024012,299,101,198
370510024021,402,80,322
370510024022,1351,351,1000
370510025011,614,78,536
370510025012,427,71,356
370510025013,602,96,506
370510025014,1440,195,1245
370510025031,876,253,623
370510025032,651,149,502
370510025033,577,60,517
370510025041,589,196,393
370510025042,1288,214,1074
370510025043,971,58,913
370510025051,518,195,323
370510025052,719,173,546
370510025061,482,32,450
370510025062,734,186,548
370510025063,470,102,368
370510026001,618,114,504
370510026002,746,108,638
370510026003,677,89,588
370510027011,518,49,469
370510027012,421,79,342
370510027021,405,81,324
370510027022,627,48,579
370510027023,625,115,510
370510027024,505,12,493
370510028011,708,54,654
370510028012,707,116,591
370510028021,572,115,457
370510028022,552,54,498
370510029001,607,65,542
370510029002,619,50,569
370510029003,199,0,199
370510029004,389,75,314
370510030021,424,60,364
370510030022,614,110,504
370510030031,1067,143,924
370510030032,346,66,280
370510030033,726,121,605
370510030041,829,17,812
370510030042,888,32,856
370510030043,625,94,531
370510031021,227,34,193
370510031022,735,56,679
370510031023,962,59,903
370510031031,606,98,508
370510031032,1067,282,785
370510031033,539,38,501
370510031051,692,90,602
370510031052,834,174,660
370510031061,212,16,196
370510031062,513,98,415
370510032031,316,30,286
370510032032,1142,131,1011
370510032033,291,107,184
370510032034,344,69,275
370510032051,772,68,704
370510032052,762,28,734
370510032053,351,63,288
370510032061,617,34,583
370510032062,740,0,740
370510032063,454,22,432
370510032071,1255,117,1138
370510032072,575,28,547
370510032073,737,22,715
370510032081,632,79,553
370510032082,297,31,266
370510032083,688,63,625
370510032091,435,116,319
370510032092,1096,184,912
370510033021,1099,374,725
370510033022,695,194,501
370510033023,836,91,745
370510033041,458,31,427
370510033042,445,147,298
370510033043,1324,229,1095
370510033044,331,63,268
370510033045,431,43,388
370510033046,178,71,107
370510033071,165,20,145
370510033072,536,64,472
370510033073,414,110,304
370510033074,353,75,278
370510033101,401,53,348
370510033102,296,55,241
370510033103,598,124,474
370510033104,648,113,535
370510033111,452,93,359
370510033112,943,119,824
370510033121,397,74,323
370510033122,1120,243,877
370510033123,694,43,651
370510033124,596,43,553
370510033131,1516,184,1332
370510033132,961,69,892
370510033141,824,177,647
370510033142,755,46,709
370510033143,1189,158,1031
370510033151,763,163,600
370510033152,1016,107,909
370510033153,408,90,318
370510033161,232,56,176
370510033162,690,97,593
370510033171,619,13,606
370510033172,767,50,717
370510033181,753,17,736
370510033182,436,64,372
370510034011,0,0,0
370510034012,457,47,410
370510034013,351,46,305
370510034031,205,11,194
370510034032,324,37,287
370510034033,433,52,381
370510034041,0,0,0
370510034042,0,0,0
370510034081,547,42,505
370510034082,670,6,664
370510034083,622,37,585
370510034091,302,27,275
370510034101,595,62,533
370510034102,0,0,0
370510035011,450,133,317
370510035012,202,46,156
370510035013,715,60,655
370510035021,225,85,140
370510035022,441,27,414
370510036011,719,67,652
370510036012,278,76,202
370510036013,256,110,146
370510036021,266,70,196
370510036022,138,16,122
370510036023,504,172,332
370510037001,780,44,736
370510037002,636,9,627
370510037003,431,108,323
370510037004,815,121,694
370510038001,425,184,241
370510038002,169,13,156
370510038003,317,101,216
370519801001,0,0,0
370519802001,0,0,0
370531101011,548,33,515
370531101021,662,20,642
370531102011,1511,0,1511
370531102012,365,76,289
370531102021,585,0,585
370531102022,719,79,640
370531103011,696,77,619
370531103012,1215,90,1125
370531103021,761,44,717
370531103022,575,101,474
370531104011,817,44,773
370531104012,352,105,247
370531104013,460,8,452
370531104031,321,38,283
370531104032,372,83,289
370531104040,0,0,0
370531104041,909,87,822
370539901000,0,0,0
370559701011,600,26,574
370559701012,769,10,759
370559701013,321,7,314
370559701020,0,0,0
370559701021,700,0,700
370559701022,872,30,842
370559702001,614,0,614
370559702002,581,57,524
370559702003,702,8,694
370559702004,390,38,352
370559703010,0,0,0
370559703011,1019,44,975
370559703012,747,116,631
370559703021,996,64,932
370559703022,292,63,229
370559704000,0,0,0
370559704001,509,33,476
370559704002,645,47,598
370559704003,200,0,200
370559705010,0,0,0
370559705011,516,30,486
370559705021,543,59,484
370559705022,212,6,206
370559705023,436,97,339
370559705024,547,133,414
370559706010,0,0,0
370559706011,577,35,542
370559706012,517,53,464
370559706013,829,116,713
370559706014,837,34,803
370559706020,0,0,0
370559706021,859,33,826
370559901000,0,0,0
370559902000,0,0,0
370570601011,443,132,311
370570601012,343,29,314
370570601013,719,0,719
370570601014,655,77,578
370570601031,746,43,703
370570601032,352,0,352
370570601041,913,75,838
370570601042,715,34,681
370570601043,492,64,428
370570602011,573,0,573
370570602012,580,35,545
370570602013,547,57,490
370570602014,252,8,244
370570602021,960,109,851
370570602031,739,44,695
370570602032,793,90,703
370570602033,1002,79,923
370570603011,663,47,616
370570603012,481,52,429
370570603013,865,94,771
370570603021,459,44,415
370570603022,397,23,374
370570603023,902,80,822
370570603031,772,86,686
370570603032,433,36,397
370570603033,515,107,408
370570603041,1081,118,963
370570603042,325,8,317
370570604001,873,61,812
370570604002,609,117,492
370570604003,600,81,519
370570605001,741,38,703
370570605002,700,184,516
370570605003,201,28,173
370570605004,798,166,632
370570606011,851,106,745
370570606012,652,16,636
370570606021,703,59,644
370570606022,517,48,469
370570607001,800,66,734
370570607002,267,67,200
370570607003,560,34,526
370570607004,560,105,455
370570608001,672,298,374
370570608002,304,159,145
370570608003,641,73,568
370570609001,287,40,247
370570609002,793,255,538
370570609003,224,4,220
370570609004,305,12,293
370570609005,451,0,451
370570610001,401,11,390
370570610002,398,95,303
370570610003,723,211,512
370570610004,507,21,486
370570611011,419,76,343
370570611012,764,30,734
370570611021,259,104,155
370570611022,688,76,612
370570611023,939,210,729
370570612021,587,46,541
370570612022,511,24,487
370570612031,1095,179,916
370570612032,706,91,615
370570612041,922,174,748
370570612042,232,141,91
370570613001,477,116,361
370570613002,416,146,270
370570614001,264,96,168
370570614002,316,86,230
370570614003,474,166,308
370570615011,733,170,563
370570615012,428,142,286
370570615013,634,175,459
370570615021,362,81,281
370570615022,336,29,307
370570615023,372,48,324
370570616001,195,63,132
370570616002,534,148,386
370570616003,409,86,323
370570617011,772,30,742
370570617012,1062,188,874
370570617031,273,66,207
370570617032,723,107,616
370570617033,646,89,557
370570617041,549,74,475
370570617042,956,220,736
370570617051,612,30,582
370570617052,755,52,703
370570618031,1017,216,801
370570618032,507,27,480
370570618051,378,18,360
370570618052,879,175,704
370570618061,337,16,321
370570618062,542,17,525
370570618063,440,0,440
370570618071,445,82,363
370570618072,742,35,707
370570618081,458,89,369
370570618082,662,55,607
370570618083,792,126,666
370570619021,568,37,531
370570619022,859,201,658
370570619023,879,301,578
370570619031,744,129,615
370570619032,580,113,467
370570619041,590,116,474
370570619042,462,0,462
370570620011,567,126,441
370570620012,489,118,371
370570620013,826,123,703
370570620021,248,78,170
370570620022,299,67,232
370570620023,165,20,145
370570620024,805,66,739
370590801011,1117,153,964
370590801012,533,62,471
370590801021,619,54,565
370590801022,499,38,461
370590802001,1217,11,1206
370590802002,447,47,400
370590802003,410,31,379
370590802004,363,0,363
370590803011,1251,12,1239
370590803012,1214,33,1181
370590803021,810,197,613
370590803022,379,77,302
370590804001,850,105,745
370590804002,580,0,580
370590804003,207,0,207
370590804004,330,21,309
370590805001,522,106,416
370590805002,700,75,625
370590805003,410,28,382
370590806001,286,56,230
370590806002,378,37,341
370590806003,788,200,588
370590807011,493,139,354
370590807012,409,95,314
370590807013,468,25,443
370590807021,564,111,453
370590807022,459,111,348
370610901011,561,95,466
370610901012,544,12,532
370610901013,172,105,67
370610901021,407,132,275
370610901022,327,54,273
370610901023,677,104,573
370610901031,214,9,205
370610901032,448,160,288
370610902011,287,13,274
370610902012,291,27,264
370610902021,559,71,488
370610902022,476,110,366
370610903011,223,0,223
370610903012,431,72,359
370610903013,134,18,116
370610903014,393,44,349
370610903021,536,109,427
370610903022,199,47,152
370610903023,139,0,139
370610904011,247,41,206
370610904012,305,19,286
370610904013,391,108,283
370610904021,355,64,291
370610904022,647,118,529
370610904023,212,17,195
370610905031,449,61,388
370610905032,279,16,263
370610905033,458,23,435
370610905034,237,60,177
370610905041,351,0,351
370610905042,261,0,261
370610905051,239,57,182
370610905052,428,25,403
370610905053,404,128,276
370610905061,558,0,558
370610905062,232,11,221
370610906001,517,102,415
370610906002,359,9,350
370610906003,436,51,385
370610907031,598,11,587
370610907032,240,57,183
370610907041,133,0,133
370610907042,322,111,211
370610907043,367,28,339
370610907051,367,16,351
370610907052,186,16,170
370610907053,565,80,485
370610907061,624,191,433
370610907062,502,51,451
370610907063,276,25,251
370610908011,556,196,360
370610908012,334,80,254
370610908013,266,55,211
370610908031,377,160,217
370610908032,323,41,282
370610908041,432,37,395
370610908042,586,166,420
370630001011,563,57,506
370630001012,859,105,754
370630001021,683,108,575
370630001022,376,51,325
370630001023,312,55,257
370630001024,221,9,212
370630002001,394,169,225
370630002002,418,63,355
370630002003,331,8,323
370630003011,684,197,487
370630003012,423,38,385
370630003013,453,13,440
370630003021,470,29,441
370630003022,459,37,422
370630003023,573,138,435
370630004011,457,18,439
370630004012,273,0,273
370630004013,385,58,327
370630004021,761,116,645
370630004022,787,177,610
370630005001,131,122,9
370630005002,340,64,276
370630005003,597,101,496
370630005004,564,226,338
370630006001,250,23,227
370630006002,704,82,622
370630006003,1563,66,1497
370630007001,898,231,667
370630007002,480,19,461
370630007003,481,19,462
370630009001,335,65,270
370630009002,347,74,273
370630010011,416,70,346
370630010012,436,125,311
370630010013,384,94,290
370630010014,275,46,229
370630010021,427,181,246
370630010022,284,39,245
370630010023,487,171,316
370630010024,423,234,189
370630010025,465,161,304
370630011001,510,209,301
370630011002,244,21,223
370630011003,473,203,270
370630013011,417,50,367
370630013012,332,94,238
370630013031,413,66,347
370630013032,305,103,202
370630013041,508,192,316
370630013042,601,127,474
370630014001,521,25,496
370630014002,722,357,365
370630015011,8,5,3
370630015031,0,0,0
370630015041,515,232,283
370630015042,711,245,466
370630015051,883,241,642
370630015052,765,357,408
370630015053,412,147,265
370630016011,434,49,385
370630016012,512,14,498
370630016013,195,0,195
370630016014,596,137,459
370630016015,406,36,370
370630016016,0,0,0
370630016031,213,0,213
370630016032,533,17,516
370630016033,448,15,433
370630016034,727,51,676
370630016035,656,31,625
370630016036,483,0,483
370630016041,614,48,566
370630016042,178,68,110
370630016043,249,13,236
370630016044,529,0,529
370630016045,441,48,393
370630016046,600,9,591
370630016047,297,0,297
370630017051,440,6,434
370630017052,580,100,480
370630017053,380,61,319
370630017054,373,32,341
370630017055,552,98,454
370630017061,963,28,935
370630017062,693,69,624
370630017063,351,31,320
370630017064,495,47,448
370630017081,275,22,253
370630017082,693,14,679
370630017083,494,98,396
370630017084,443,48,395
370630017091,353,82,271
370630017092,433,19,414
370630017093,385,135,250
370630017094,312,135,177
370630017095,780,62,718
370630017096,374,240,134
370630017097,191,29,162
370630017101,493,85,408
370630017102,772,52,720
370630017103,461,41,420
370630017111,851,159,692
370630017112,728,120,608
370630017113,692,33,659
370630017121,395,13,382
370630017122,774,102,672
370630017123,511,84,427
370630017124,464,30,434
370630017131,390,0,390
370630017132,188,0,188
370630017133,440,0,440
370630017134,309,0,309
370630018011,576,155,421
370630018012,372,109,263
370630018013,274,16,258
370630018014,73,0,73
370630018015,348,46,302
370630018016,608,68,540
370630018017,868,177,691
370630018021,557,272,285
370630018022,973,161,812
370630018023,712,66,646
370630018024,223,16,207
370630018061,888,19,869
370630018062,256,48,208
370630018063,406,15,391
370630018064,617,0,617
370630018065,504,54,450
370630018081,768,15,753
370630018082,1412,49,1363
370630018083,626,0,626
370630018084,1400,0,1400
370630018091,503,0,503
370630018092,1125,118,1007
370630018093,299,69,230
370630018094,196,0,196
370630018095,1016,60,956
370630018101,608,114,494
370630018102,211,6,205
370630018103,529,0,529
370630018111,482,0,482
370630018112,350,21,329
370630018113,327,14,313
370630018114,273,0,273
370630018115,416,0,416
370630018116,423,50,373
370630019001,950,37,913
370630019002,283,0,283
370630019003,971,12,959
370630019004,250,41,209
370630020071,469,108,361
370630020072,352,0,352
370630020073,224,17,207
370630020074,658,25,633
370630020075,727,171,556
370630020081,601,0,601
370630020082,322,0,322
370630020083,435,0,435
370630020091,740,177,563
370630020092,721,167,554
370630020093,594,151,443
370630020131,400,24,376
370630020132,341,10,331
370630020133,633,35,598
370630020134,536,39,497
370630020151,834,182,652
370630020152,385,41,344
370630020153,711,16,695
370630020154,375,13,362
370630020191,943,65,878
370630020192,885,174,711
370630020193,705,86,619
370630020201,862,0,862
370630020202,603,0,603
370630020203,613,20,593
370630020204,1095,0,1095
370630020211,782,57,725
370630020212,638,163,475
370630020213,641,41,600
370630020221,739,42,697
370630020222,711,12,699
370630020223,751,102,649
370630020231,583,0,583
370630020232,350,0,350
370630020233,378,34,344
370630020241,629,29,600
370630020242,651,47,604
370630020243,334,31,303
370630020244,443,12,431
370630020245,406,0,406
370630020246,327,15,312
370630020251,895,24,871
370630020252,711,98,613
370630020253,424,0,424
370630020254,469,40,429
370630020261,1048,185,863
370630020262,1300,248,1052
370630020263,622,66,556
370630020291,1290,136,1154
370630020292,514,23,491
370630020293,280,14,266
370630020301,706,31,675
370630020302,872,0,872
370630020311,551,86,465
370630020312,433,98,335
370630020321,324,79,245
370630020322,531,69,462
370630020323,205,18,187
370630020331,581,134,447
370630020332,930,129,801
370630020333,513,16,497
370630020341,890,112,778
370630020342,872,0,872
370630020343,857,171,686
370630020351,803,0,803
370630020352,552,28,524
370630020353,940,0,940
370630020354,903,33,870
370630020361,647,108,539
370630020362,289,59,230
370630020363,654,68,586
370630020371,1577,0,1577
370630020372,1320,42,1278
370630020381,621,12,609
370630020382,745,0,745
370630020383,1069,80,989
370630021001,388,0,388
370630021002,244,21,223
370630021003,337,9,328
370630021004,452,44,408
370630021005,286,14,272
370630021006,382,20,362
370630021007,695,29,666
370630021008,0,0,0
370630022001,731,180,551
370630022002,592,96,496
370630023001,635,196,439
370639801001,0,0,0
370650202001,237,86,151
370650202002,499,113,386
370650202003,338,151,187
370650202004,403,260,143
370650202005,412,35,377
370650203001,356,85,271
370650203002,746,361,385
370650203003,537,101,436
370650203004,408,55,353
370650204001,432,165,267
370650204002,138,30,108
370650204003,254,60,194
370650204004,285,232,53
370650204005,644,70,574
370650206001,285,28,257
370650206002,449,131,318
370650206003,90,36,54
370650207001,331,35,296
370650207002,394,30,364
370650208001,325,53,272
370650208002,353,37,316
370650208003,732,190,542
370650209001,263,64,199
370650209002,524,69,455
370650209003,146,70,76
370650210001,428,28,400
370650210002,351,75,276
370650210003,187,7,180
370650210004,440,104,336
370650211001,558,197,361
370650211002,252,98,154
370650211003,807,115,692
370650212001,987,368,619
370650212002,561,61,500
370650212003,245,113,132
370650212004,463,14,449
370650213001,576,97,479
370650213002,835,95,740
370650213003,483,81,402
370650214001,602,116,486
370650214002,751,152,599
370650215001,445,70,375
370650215002,506,77,429
370650215003,541,50,491
370650216001,390,98,292
370650216002,310,40,270
370650216003,501,64,437
370670001001,519,47,472
370670001002,975,124,851
370670002001,538,178,360
370670003011,330,139,191
370670003012,506,283,223
370670003021,699,174,525
370670004001,261,44,217
370670004002,284,137,147
370670004003,816,383,433
370670005001,178,83,95
370670005002,318,195,123
370670005003,447,234,213
370670006001,681,312,369
370670006002,194,75,119
370670007001,529,223,306
370670007002,460,103,357
370670008011,234,162,72
370670008021,154,67,87
370670008022,431,249,182
370670009001,356,177,179
370670009002,493,190,303
370670009003,207,54,153
370670009004,423,15,408
370670010001,494,122,372
370670010002,518,98,420
370670010003,558,55,503
370670010004,340,15,325
370670011001,547,126,421
370670011002,391,66,325
370670011003,465,152,313
370670012001,815,26,789
370670013001,249,47,202
370670013002,56,4,52
370670013003,417,62,355
370670014001,725,137,588
370670014002,485,218,267
370670015001,665,241,424
370670015002,530,74,456
370670015003,221,81,140
370670016011,568,65,503
370670016012,364,23,341
370670016013,366,68,298
370670016021,542,283,259
370670016022,741,195,546
370670017001,531,167,364
370670017002,211,124,87
370670017003,937,32,905
370670017004,528,148,380
370670018001,592,129,463
370670018002,170,43,127
370670018003,343,29,314
370670018004,451,44,407
370670019011,598,249,349
370670019021,503,159,344
370670019022,353,27,326
370670020011,338,171,167
370670020012,555,149,406
370670020021,549,214,335
370670020022,1050,95,955
370670021001,390,56,334
370670021002,603,64,539
370670022001,374,35,339
370670022002,774,68,706
370670022003,676,27,649
370670025011,331,8,323
370670025012,279,20,259
370670025013,438,3,435
370670025021,648,76,572
370670025022,620,10,610
370670026011,1254,70,1184
370670026012,355,0,355
370670026041,327,103,224
370670026042,530,46,484
370670026043,658,0,658
370670026044,416,0,416
370670026051,1048,204,844
370670026061,657,61,596
370670026062,352,23,329
370670026063,761,29,732
370670027011,1065,209,856
370670027012,697,99,598
370670027013,703,63,640
370670027021,392,13,379
370670027022,521,99,422
370670027023,712,163,549
370670027024,459,99,360
370670027025,384,101,283
370670027041,602,144,458
370670027042,639,109,530
370670027051,852,283,569
370670027052,406,205,201
370670027053,256,50,206
370670028011,544,0,544
370670028012,242,27,215
370670028013,1062,121,941
370670028041,470,50,420
370670028042,441,49,392
370670028043,548,102,446
370670028061,292,32,260
370670028062,1001,216,785
370670028071,990,0,990
370670028072,635,102,533
370670028073,774,66,708
370670028081,993,131,862
370670028082,631,0,631
370670028091,1165,41,1124
370670029011,612,141,471
370670029012,492,64,428
370670029013,682,131,551
370670029031,257,61,196
370670029032,561,89,472
370670029033,491,128,363
370670029041,923,141,782
370670030021,576,110,466
370670030022,554,143,411
370670030023,463,18,445
370670030031,520,14,506
370670030032,698,129,569
370670030041,704,86,618
370670030042,747,67,680
370670031031,521,76,445
370670031032,836,26,810
370670031033,911,46,865
370670031051,574,146,428
370670031052,664,94,570
370670031061,229,21,208
370670031062,461,0,461
370670031063,618,136,482
370670031071,467,30,437
370670031072,1245,137,1108
370670031081,1001,163,838
370670031082,459,56,403
370670032011,513,57,456
370670032012,379,0,379
370670032013,719,106,613
370670032014,303,73,230
370670032021,492,86,406
370670032022,331,107,224
370670032023,1067,171,896
370670033071,761,42,719
370670033072,719,63,656
370670033081,1293,36,1257
370670033082,918,27,891
370670033083,217,13,204
370670033084,634,0,634
370670033091,290,21,269
370670033092,893,124,769
370670033093,829,225,604
370670033101,1082,111,971
370670033102,566,25,541
370670033111,715,32,683
370670033121,616,154,462
370670033122,984,65,919
370670033131,518,74,444
370670033141,639,62,577
370670033142,898,38,860
370670033151,560,45,515
370670033152,629,91,538
370670033153,604,70,534
370670034021,292,75,217
370670034022,803,66,737
370670034031,704,141,563
370670034032,319,143,176
370670034041,615,328,287
370670034042,737,183,554
370670035001,335,138,197
370670035002,380,163,217
370670035003,663,335,328
370670035004,805,83,722
370670035005,597,77,520
370670036001,316,4,312
370670036002,700,88,612
370670036003,633,110,523
370670036004,775,159,616
370670037011,348,179,169
370670037012,735,199,536
370670037013,838,332,506
370670037021,276,0,276
370670037022,704,63,641
370670037023,739,122,617
370670037024,353,13,340
370670037031,846,11,835
370670037032,758,57,701
370670037033,465,65,400
370670037034,553,0,553
370670037035,557,65,492
370670038031,1037,101,936
370670038032,577,119,458
370670038033,500,81,419
370670038041,702,29,673
370670038042,799,92,707
370670038043,487,42,445
370670038044,431,83,348
370670038051,870,379,491
370670038052,698,70,628
370670038053,470,43,427
370670038054,616,13,603
370670038061,574,67,507
370670038062,592,113,479
370670039031,1058,212,846
370670039032,1039,219,820
370670039041,818,63,755
370670039042,690,57,633
370670039043,844,36,808
370670039044,464,9,455
370670039051,1199,112,1087
370670039052,667,40,627
370670039053,489,14,475
370670039061,434,19,415
370670039062,226,0,226
370670039063,694,34,660
370670039081,605,23,582
370670039082,612,12,600
370670039091,559,19,540
370670039092,568,21,547
370670039093,570,74,496
370670040051,633,10,623
370670040052,898,21,877
370670040053,364,0,364
370670040071,719,50,669
370670040072,834,33,801
370670040073,404,0,404
370670040074,841,15,826
370670040091,893,62,831
370670040092,937,100,837
370670040101,1278,27,1251
370670040102,606,19,587
370670040111,766,42,724
370670040112,529,31,498
370670040113,607,130,477
370670040114,428,0,428
370670040121,603,14,589
370670040122,696,39,657
370670040123,407,11,396
370670040124,323,0,323
370670040131,661,54,607
370670040132,663,72,591
370670040141,627,22,605
370670040142,480,34,446
370670040143,420,20,400
370670040151,612,43,569
370670040152,572,23,549
370670040153,685,68,617
370670041021,537,86,451
370670041022,774,41,733
370670041031,907,50,857
370670041032,768,65,703
370670041041,862,66,796
370670041042,295,28,267
370670041043,325,5,320
370690601001,627,30,597
370690601002,597,108,489
370690601003,420,21,399
370690601004,333,45,288
370690602001,971,204,767
370690602002,676,158,518
370690603011,721,116,605
370690603012,490,57,433
370690603013,228,10,218
370690603014,495,11,484
370690603021,393,136,257
370690603022,533,79,454
370690604011,646,101,545
370690604012,531,90,441
370690604031,327,65,262
370690604032,620,247,373
370690604041,294,0,294
370690604042,690,93,597
370690605011,1492,88,1404
370690605012,941,58,883
370690605013,840,6,834
370690605021,1110,35,1075
370690605022,994,26,968
370690605023,1289,228,1061
370690606011,715,0,715
370690606012,395,57,338
370690606021,1282,235,1047
370690606022,557,18,539
370690606023,548,59,489
370690607011,494,39,455
370690607021,286,46,240
370690607022,663,118,545
370690607031,249,0,249
370690607032,173,3,170
370690607033,533,16,517
370690608011,624,73,551
370690608012,1057,97,960
370690608021,662,73,589
370690608022,536,40,496
370690608023,330,15,315
370690608024,367,37,330
370710301031,331,46,285
370710301032,271,33,238
370710301041,564,0,564
370710301042,167,0,167
370710301051,1064,45,1019
370710301061,391,0,391
370710302051,440,29,411
370710302052,657,56,601
370710302053,457,40,417
370710302061,345,42,303
370710302062,414,47,367
370710302071,241,0,241
370710302072,207,23,184
370710302081,214,12,202
370710302091,404,19,385
370710302092,422,29,393
370710303011,372,116,256
370710303012,281,11,270
370710303013,472,78,394
370710303021,273,19,254
370710303022,321,8,313
370710303023,540,156,384
370710304011,496,68,428
370710304012,391,53,338
370710304013,873,83,790
370710304031,384,55,329
370710304032,396,79,317
370710304041,205,35,170
370710304042,401,0,401
370710305011,463,115,348
370710305012,507,28,479
370710305031,347,59,288
370710305032,590,8,582
370710305041,307,65,242
370710305042,319,0,319
370710306011,390,85,305
370710306012,593,62,531
370710306021,623,178,445
370710306022,498,47,451
370710307001,688,110,578
370710307002,297,53,244
370710307003,435,66,369
370710308011,331,75,256
370710308012,288,53,235
370710308021,486,52,434
370710308022,404,139,265
370710308023,346,42,304
370710308024,273,7,266
370710309011,399,17,382
370710309012,234,111,123
370710309013,395,183,212
370710309021,555,107,448
370710309022,344,0,344
370710309023,390,53,337
370710310011,372,59,313
370710310012,300,48,252
370710310013,537,214,323
370710310041,627,145,482
370710310042,730,115,615
370710310051,1013,40,973
370710310061,610,25,585
370710311011,425,45,380
370710311012,340,19,321
370710311013,511,184,327
370710311021,378,35,343
370710311022,566,91,475
370710312021,175,20,155
370710312022,681,98,583
370710312031,680,35,645
370710312041,629,34,595
370710313011,547,68,479
370710313012,804,96,708
370710313031,531,190,341
370710313032,197,18,179
370710313041,646,142,504
370710313042,566,86,480
370710314011,543,91,452
370710314012,456,11,445
370710314021,406,34,372
370710314022,510,36,474
370710315001,770,254,516
370710315002,640,253,387
370710316001,299,47,252
370710316002,359,59,300
370710316003,469,67,402
370710316004,191,33,158
370710317031,333,42,291
370710317032,745,77,668
370710317041,721,44,677
370710317042,565,207,358
370710317043,440,61,379
370710317051,322,8,314
370710317052,358,50,308
370710317061,151,5,146
370710317062,322,64,258
370710318001,252,53,199
370710318002,190,55,135
370710318003,150,39,111
370710318004,566,59,507
370710319011,216,97,119
370710319021,268,95,173
370710319022,500,116,384
370710320001,453,46,407
370710320002,196,76,120
370710320003,340,86,254
370710321001,282,64,218
370710321002,547,142,405
370710321003,190,20,170
370710322011,552,3,549
370710322012,711,169,542
370710322021,780,43,737
370710323011,498,31,467
370710323012,235,20,215
370710323013,553,57,496
370710323021,297,24,273
370710323022,428,40,388
370710323023,393,181,212
370710324031,372,64,308
370710324032,242,17,225
370710324033,314,74,240
370710324041,298,9,289
370710324042,417,0,417
370710324043,479,119,360
370710324051,586,7,579
370710324052,464,0,464
370710324061,379,4,375
370710324062,320,36,284
370710325051,1076,162,914
370710325052,553,82,471
370710325061,818,171,647
370710325062,567,0,567
370710325071,543,22,521
370710325072,768,33,735
370710325081,400,33,367
370710325082,230,14,216
370710325083,255,9,246
370710325091,902,47,855
370710325101,386,7,379
370710325102,337,0,337
370710326001,324,0,324
370710326002,184,29,155
370710326003,345,9,336
370710326004,545,24,521
370710327021,1056,128,928
370710327031,244,70,174
370710327032,443,26,417
370710327033,253,26,227
370710327041,452,54,398
370710327042,276,13,263
370710327043,716,90,626
370710327044,230,15,215
370710328011,397,191,206
370710328012,252,25,227
370710328013,339,121,218
370710328021,1133,130,1003
370710328022,656,110,546
370710329001,456,41,415
370710329002,427,164,263
370710329003,253,60,193
370710329004,373,12,361
370710331001,418,76,342
370710331002,216,32,184
370710331003,460,137,323
370710332021,521,127,394
370710332022,398,28,370
370710332031,346,60,286
370710332032,556,146,410
370710332041,374,12,362
370710332042,313,63,250
370710332043,554,178,376
370710333031,316,0,316
370710333032,365,28,337
370710333033,584,0,584
370710333061,563,63,500
370710333081,564,66,498
370710333091,352,0,352
370710333092,393,45,348
370710333101,778,68,710
370710333111,259,31,228
370710333121,534,0,534
370710333122,771,14,757
370710333131,766,49,717
370710334001,525,69,456
370710334002,490,81,409
370710334003,221,52,169
370710335011,401,104,297
370710335012,376,59,317
370710335013,331,8,323
370710335021,561,75,486
370710335022,362,0,362
370739701001,467,84,383
370739701002,398,18,380
370739701003,593,95,498
370739701004,461,62,399
370739702001,645,69,576
370739702002,429,67,362
370739702003,418,1,417
370739703001,490,173,317
370739703002,325,45,280
370739703003,464,26,438
370759201001,381,42,339
370759201002,298,10,288
370759201003,262,12,250
370759202001,436,54,382
370759202002,569,52,517
370759203001,427,29,398
370759203002,465,168,297
370759203003,398,146,252
370759203004,285,14,271
370779701011,398,30,368
370779701012,876,209,667
370779701013,483,17,466
370779701021,846,75,771
370779701022,513,110,403
370779702001,657,70,587
370779702002,208,22,186
370779702003,818,134,684
370779703001,559,112,447
370779703002,320,85,235
370779703003,638,47,591
370779704001,750,87,663
370779704002,617,185,432
370779704003,390,148,242
370779705001,719,61,658
370779705002,504,11,493
370779705003,465,71,394
370779706011,613,55,558
370779706012,641,51,590
370779706013,693,197,496
370779706041,651,63,588
370779706042,626,41,585
370779706051,936,139,797
370779706052,1042,29,1013
370779706061,520,56,464
370779706062,170,0,170
370779706071,717,280,437
370779706072,758,43,715
370779706073,477,0,477
370779707011,354,17,337
370779707012,507,12,495
370779707013,876,58,818
370779707014,317,34,283
370779707021,453,98,355
370779707022,320,33,287
370779707031,22,0,22
370779707032,755,19,736
370779707033,358,72,286
370779707041,0,0,0
370799501011,499,112,387
370799501012,363,105,258
370799501013,699,78,621
370799501021,352,37,315
370799501022,222,51,171
370799501023,601,132,469
370799502001,379,59,320
370799502002,609,133,476
370799502003,604,31,573
370799503011,478,93,385
370799503012,389,103,286
370799503013,823,220,603
370799503021,696,204,492
370799503022,504,92,412
370810101001,627,178,449
370810102001,908,451,457
370810102002,1023,284,739
370810102003,463,45,418
370810103001,558,121,437
370810103002,347,102,245
370810104011,420,56,364
370810104012,317,43,274
370810104031,480,40,440
370810104032,265,26,239
370810104041,349,0,349
370810104042,138,13,125
370810104043,484,0,484
370810105001,478,77,401
370810105002,292,18,274
370810105003,375,31,344
370810106011,488,101,387
370810106012,754,60,694
370810106021,410,0,410
370810106022,287,152,135
370810106023,442,115,327
370810106024,545,245,300
370810107011,601,58,543
370810107012,269,23,246
370810107021,615,192,423
370810107022,301,76,225
370810108001,500,39,461
370810108002,141,0,141
370810108003,601,180,421
370810109001,342,75,267
370810109002,590,102,488
370810110001,215,111,104
370810110002,345,96,249
370810111011,195,52,143
370810111012,369,138,231
370810111013,318,153,165
370810111014,739,194,545
370810111021,521,26,495
370810111022,489,149,340
370810112011,494,209,285
370810112012,576,188,388
370810112021,430,50,380
370810112022,797,349,448
370810113001,665,154,511
370810113002,275,85,190
370810113003,264,100,164
370810113004,337,154,183
370810114001,115,95,20
370810114002,443,228,215
370810114003,531,392,139
370810114004,281,33,248
370810114005,600,238,362
370810115001,357,165,192
370810115002,465,72,393
370810115003,349,41,308
370810116011,327,46,281
370810116012,442,69,373
370810116013,250,100,150
370810116021,273,125,148
370810116022,604,80,524
370810116023,168,0,168
370810119041,809,152,657
370810119042,383,230,153
370810119043,958,131,827
370810119051,570,207,363
370810119052,492,99,393
370810119053,753,89,664
370810125031,754,79,675
370810125032,428,20,408
370810125033,664,53,611
370810125041,609,118,491
370810125042,617,139,478
370810125051,533,19,514
370810125052,502,21,481
370810125053,638,8,630
370810125081,367,79,288
370810125082,417,89,328
370810125083,711,34,677
370810125091,961,39,922
370810125101,714,0,714
370810125102,685,31,654
370810125111,600,23,577
370810125112,531,0,531
370810125113,487,16,471
370810125114,261,0,261
370810126041,436,65,371
370810126042,210,37,173
370810126043,627,114,513
370810126044,276,137,139
370810126071,1066,276,790
370810126081,803,296,507
370810126082,283,103,180
370810126101,647,60,587
370810126102,663,64,599
370810126111,540,76,464
370810126112,664,108,556
370810126113,541,107,434
370810126121,458,77,381
370810126122,816,358,458
370810126123,627,116,511
370810126124,566,89,477
370810126171,1116,163,953
370810126172,336,94,242
370810126181,629,212,417
370810126182,1259,394,865
370810126191,391,111,280
370810126192,1501,15,1486
370810126201,727,75,652
370810126202,726,240,486
370810126211,183,72,111
370810126212,1504,102,1402
370810126213,430,94,336
370810127031,582,35,547
370810127032,625,164,461
370810127033,215,21,194
370810127034,413,114,299
370810127041,568,141,427
370810127042,432,212,220
370810127043,550,144,406
370810127051,551,238,313
370810127052,858,68,790
370810127061,1021,470,551
370810127062,407,138,269
370810127071,396,241,155
370810127072,646,305,341
370810128031,1110,255,855
370810128032,1249,132,1117
370810128033,719,0,719
370810128041,965,30,935
370810128042,599,218,381
370810128043,451,23,428
370810128051,1189,267,922
370810136011,441,78,363
370810136012,0,0,0
370810136021,456,67,389
370810136022,248,77,171
370810136023,309,44,265
370810136024,476,87,389
370810137001,374,0,374
370810137002,363,24,339
370810137003,367,57,310
370810137004,243,9,234
370810137005,295,48,247
370810138001,300,163,137
370810138002,374,0,374
370810138003,276,30,246
370810138004,125,96,29
370810138005,598,195,403
370810139001,523,411,112
370810139002,500,226,274
370810139003,263,168,95
370810139004,624,272,352
370810140001,312,68,244
370810140002,749,91,658
370810142001,551,94,457
370810142002,273,38,235
370810142003,358,115,243
370810142004,360,137,223
370810143001,322,72,250
370810143002,117,63,54
370810143003,380,167,213
370810143004,258,71,187
370810144061,1069,144,925
370810144071,973,108,865
370810144072,499,38,461
370810144073,692,0,692
370810144074,398,20,378
370810144081,313,131,182
370810144082,624,100,524
370810144091,430,53,377
370810144092,817,92,725
370810144101,380,0,380
370810144102,523,58,465
370810144103,630,137,493
370810144111,420,56,364
370810144112,624,65,559
370810144113,665,102,563
370810144114,264,65,199
370810144121,593,75,518
370810144122,514,69,445
370810145011,263,71,192
370810145012,218,83,135
370810145021,1031,135,896
370810145022,928,264,664
370810145031,751,179,572
370810145032,376,95,281
370810151001,716,62,654
370810151002,733,29,704
370810151003,476,26,450
370810152011,313,63,250
370810152012,449,49,400
370810152013,285,0,285
370810152014,667,262,405
370810152021,275,11,264
370810152022,827,47,780
370810152023,256,0,256
370810152024,547,39,508
370810153011,854,36,818
370810153012,770,0,770
370810153013,564,71,493
370810153021,811,120,691
370810153022,649,23,626
370810154011,808,155,653
370810154012,795,0,795
370810154013,679,36,643
370810154021,207,30,177
370810154022,413,19,394
370810154023,740,317,423
370810154024,1141,158,983
370810155001,681,83,598
370810155002,1081,94,987
370810155003,1202,108,1094
370810156011,869,25,844
370810156012,759,86,673
370810156021,649,53,596
370810156022,478,0,478
370810156023,1023,252,771
370810157031,834,62,772
370810157032,998,47,951
370810157033,623,126,497
370810157041,1796,150,1646
370810157042,435,28,407
370810157043,554,81,473
370810157051,287,70,217
370810157052,845,124,721
370810157053,366,46,320
370810157061,1696,57,1639
370810157062,783,16,767
370810157071,587,61,526
370810157072,650,96,554
370810157073,394,23,371
370810157074,416,0,416
370810157075,492,26,466
370810158001,351,0,351
370810158002,1058,47,1011
370810158003,665,238,427
370810158004,980,0,980
370810159011,316,0,316
370810159012,799,117,682
370810159013,348,16,332
370810159014,497,72,425
370810159021,631,8,623
370810159022,966,43,923
370810160031,587,8,579
370810160032,225,0,225
370810160033,673,62,611
370810160051,845,70,775
370810160061,698,60,638
370810160062,1239,150,1089
370810160071,1159,89,1070
370810160072,796,154,642
370810160073,423,24,399
370810160081,802,0,802
370810160082,362,112,250
370810160083,1724,51,1673
370810160091,944,15,929
370810160092,559,22,537
370810160101,710,64,646
370810160102,749,54,695
370810160111,643,76,567
370810160112,1670,211,1459
370810160113,576,65,511
370810161011,371,38,333
370810161012,832,101,731
370810161013,893,122,771
370810161021,811,216,595
370810161022,557,107,450
370810161023,541,38,503
370810161031,919,207,712
370810161032,570,70,500
370810161033,382,0,382
370810161034,628,101,527
370810162011,943,91,852
370810162012,512,16,496
370810162013,1027,37,990
370810162031,805,35,770
370810162032,449,6,443
370810162033,761,20,741
370810162041,1555,67,1488
370810162051,1118,34,1084
370810162052,479,0,479
370810163031,858,43,815
370810163032,622,0,622
370810163041,599,20,579
370810163042,941,7,934
370810163051,347,10,337
370810163052,910,29,881
370810163061,1236,57,1179
370810163062,1392,56,1336
370810164051,856,86,770
370810164061,916,60,856
370810164062,1241,82,1159
370810164071,713,71,642
370810164072,1027,37,990
370810164081,729,25,704
370810164091,1074,23,1051
370810164101,841,132,709
370810164102,1290,130,1160
370810165021,364,70,294
370810165022,1043,90,953
370810165023,920,46,874
370810165024,308,49,259
370810165031,0,0,0
370810165032,1201,0,1201
370810165033,1603,21,1582
370810165051,998,0,998
370810165052,386,107,279
370810165053,766,84,682
370810165061,417,22,395
370810165062,1077,54,1023
370810165063,437,29,408
370810166001,782,103,679
370810167011,1140,49,1091
370810167012,720,46,674
370810167013,556,163,393
370810167021,796,71,725
370810167022,647,121,526
370810168001,566,35,531
370810168002,1285,166,1119
370810168003,368,59,309
370810168004,306,13,293
370810168005,425,14,411
370810169001,344,0,344
370810169002,472,18,454
370810169003,374,25,349
370810169004,428,69,359
370810170001,662,77,585
370810170002,589,34,555
370810170003,473,49,424
370810171011,722,46,676
370810171012,576,32,544
370810171013,654,92,562
370810171021,348,18,330
370810171022,568,66,502
370810172001,1414,83,1331
370810172002,786,93,693
370810172003,1011,165,846
370819801001,0,0,0
370839301001,217,45,172
370839301002,370,164,206
370839301003,271,16,255
370839301004,436,52,384
370839302001,351,13,338
370839302002,321,68,253
370839302003,155,11,144
370839302004,543,39,504
370839302005,701,98,603
370839303001,268,93,175
370839303002,274,159,115
370839303003,597,115,482
370839303004,302,7,295
370839303005,172,88,84
370839304001,564,324,240
370839304002,445,56,389
370839304003,526,181,345
370839305011,843,133,710
370839305012,355,132,223
370839305013,485,184,301
370839305031,364,13,351
370839305032,430,104,326
370839305041,708,328,380
370839305042,645,157,488
370839306001,543,60,483
370839306002,219,25,194
370839306003,523,218,305
370839306004,350,92,258
370839307011,499,128,371
370839307021,432,12,420
370839307022,402,59,343
370839307023,301,104,197
370839308001,396,155,241
370839308002,593,220,373
370839308003,517,132,385
370839308004,616,122,494
370839309011,288,179,109
370839309012,384,85,299
370839309021,234,118,116
370839309022,522,254,268
370839309023,293,141,152
370839309024,263,21,242
370839310001,603,140,463
370839310002,362,77,285
370839310003,205,46,159
370839311011,327,44,283
370839311012,326,99,227
370839311021,461,183,278
370839311022,333,159,174
370839311023,293,0,293
370839311024,433,106,327
370850701001,475,55,420
370850701002,363,126,237
370850701003,971,225,746
370850702001,193,47,146
370850702002,670,119,551
370850702003,462,177,285
370850703001,672,57,615
370850703002,173,51,122
370850703003,397,45,352
370850703004,875,177,698
370850704011,670,113,557
370850704012,908,111,797
370850704021,871,263,608
370850704022,484,85,399
370850704023,924,162,762
370850704024,713,43,670
370850705001,491,67,424
370850705002,682,123,559
370850705003,728,94,634
370850705004,428,76,352
370850706001,916,142,774
370850706002,1016,195,821
370850707001,1073,208,865
370850707002,301,60,241
370850707003,229,38,191
370850708011,887,137,750
370850708021,369,21,348
370850708022,332,40,292
370850708023,774,433,341
370850709011,1115,89,1026
370850709021,1038,162,876
370850709031,870,71,799
370850709041,601,65,536
370850709042,986,135,851
370850710021,1076,112,964
370850710022,317,34,283
370850710031,402,35,367
370850710032,736,85,651
370850710033,167,0,167
370850710041,666,65,601
370850711011,617,18,599
370850711012,767,111,656
370850711021,748,65,683
370850711022,380,90,290
370850711023,501,52,449
370850712011,895,130,765
370850712021,1084,144,940
370850712022,389,76,313
370850712031,516,94,422
370850712032,339,48,291
370850712041,731,183,548
370850712042,1738,149,1589
370850713011,509,82,427
370850713012,452,93,359
370850713013,423,26,397
370850713021,797,112,685
370850713022,1366,124,1242
370850713031,704,90,614
370850713032,1430,97,1333
370850713033,985,19,966
370850713034,447,46,401
370850714011,1355,253,1102
370850714012,483,183,300
370850714021,378,86,292
370850714022,1382,103,1279
370850714023,567,106,461
370850714024,521,104,417
370879201011,339,34,305
370879201012,449,66,383
370879201013,275,62,213
370879201014,351,14,337
370879201021,616,184,432
370879201022,554,57,497
370879201023,435,39,396
370879202011,707,47,660
370879202021,1249,109,1140
370879202022,321,42,279
370879202023,302,23,279
370879202024,376,15,361
370879203001,219,18,201
370879203002,503,118,385
370879203003,301,33,268
370879203004,410,44,366
370879204001,543,94,449
370879204002,260,35,225
370879205011,896,42,854
370879205021,374,31,343
370879205022,707,44,663
370879205023,495,0,495
370879205024,469,97,372
370879206011,479,30,449
370879206012,390,42,348
370879206021,336,0,336
370879206022,788,62,726
370879207011,303,33,270
370879207012,815,51,764
370879207021,413,12,401
370879207022,422,37,385
370879208001,353,39,314
370879208002,775,98,677
370879208003,380,65,315
370879209001,540,102,438
370879209002,391,93,298
370879210001,501,0,501
370879210002,252,0,252
370879210003,315,8,307
370879210004,279,52,227
370879211001,587,195,392
370879211002,300,8,292
370879211003,242,41,201
370879212011,345,53,292
370879212012,325,70,255
370879212021,1108,65,1043
370879212022,606,162,444
370879212023,365,61,304
370879213011,683,118,565
370879213012,1145,107,1038
370879213021,591,256,335
370879213022,836,59,777
370879213023,875,85,790
370879801001,0,0,0
370899301001,528,99,429
370899301002,454,37,417
370899301003,822,211,611
370899302011,690,29,661
370899302012,663,119,544
370899302021,624,54,570
370899302022,438,46,392
370899303011,523,27,496
370899303012,1538,316,1222
370899303021,627,49,578
370899303022,991,162,829
370899304011,741,52,689
370899304012,394,38,356
370899304021,765,52,713
370899304022,653,82,571
370899305011,560,0,560
370899305012,927,135,792
370899305013,494,54,440
370899305021,432,49,383
370899305022,799,15,784
370899305023,940,112,828
370899306001,636,49,587
370899306002,521,100,421
370899306003,876,0,876
370899306004,448,0,448
370899307011,750,83,667
370899307012,269,8,261
370899307013,548,26,522
370899307021,1067,131,936
370899307022,957,65,892
370899307031,517,20,497
370899307032,500,22,478
370899307033,1297,52,1245
370899307034,561,0,561
370899308001,881,70,811
370899308002,716,172,544
370899308003,723,85,638
370899309001,489,98,391
370899309002,780,35,745
370899310001,906,195,711
370899310002,840,112,728
370899310003,687,222,465
370899311001,466,62,404
370899311002,422,45,377
370899312001,512,151,361
370899312002,533,140,393
370899313001,317,22,295
370899313002,409,99,310
370899313003,569,63,506
370899313004,384,64,320
370899314011,819,173,646
370899314012,438,67,371
370899314021,205,44,161
370899314022,842,88,754
370899315001,461,14,447
370899315002,610,8,602
370899315003,727,65,662
370899316001,625,39,586
370899316002,303,106,197
370899316003,574,10,564
370899316004,598,38,560
370899317001,845,87,758
370899317002,592,22,570
370899318011,441,0,441
370899318012,1430,107,1323
370899318021,757,34,723
370899318022,1112,72,1040
370899319011,784,53,731
370899319012,685,20,665
370899319013,297,23,274
370899319021,644,95,549
370899319022,903,27,876
370899320001,427,9,418
370899320002,1093,78,1015
370899320003,319,9,310
370899801001,0,0,0
370919501011,728,83,645
370919501012,653,138,515
370919501021,724,72,652
370919501022,205,64,141
370919501023,369,103,266
370919501024,342,149,193
370919502011,262,39,223
370919502012,646,99,547
370919502021,379,71,308
370919502022,460,146,314
370919503001,771,109,662
370919503002,551,57,494
370919504011,346,35,311
370919504012,370,97,273
370919504013,524,90,434
370919504021,323,45,278
370919504022,266,69,197
370919504023,260,104,156
370919504024,724,142,582
370919800001,0,0,0
370939701041,635,141,494
370939701042,435,43,392
370939701043,573,95,478
370939701051,984,8,976
370939701052,917,260,657
370939701061,647,79,568
370939701062,436,104,332
370939701063,1064,118,946
370939701071,723,195,528
370939701072,970,151,819
370939701073,412,26,386
370939701074,229,88,141
370939701081,1030,37,993
370939701082,339,20,319
370939701083,487,44,443
370939701091,690,167,523
370939701092,535,53,482
370939702011,356,21,335
370939702012,401,78,323
370939702013,412,101,311
370939702014,442,114,328
370939702021,703,177,526
370939702022,552,135,417
370939703001,342,147,195
370939703002,435,139,296
370939703003,295,81,214
370939703004,665,203,462
370939703005,273,28,245
370939704011,713,156,557
370939704012,702,176,526
370939704021,313,113,200
370939704022,385,145,240
370939704023,339,92,247
370939801001,14,0,14
370959201011,248,36,212
370959201012,397,107,290
370959201013,410,63,347
370959201021,513,91,422
370959201022,281,25,256
370959201023,207,89,118
370959901000,0,0,0
370959902000,0,0,0
370970601001,456,36,420
370970601002,399,8,391
370970601003,1099,230,869
370970601004,665,198,467
370970602001,383,48,335
370970602002,416,143,273
370970603001,196,95,101
370970603002,264,40,224
370970603003,422,115,307
370970604001,507,43,464
370970604002,367,184,183
370970604003,440,133,307
370970604004,358,45,313
370970605001,640,41,599
370970605002,355,66,289
370970605003,670,52,618
370970606011,875,142,733
370970606012,637,33,604
370970606013,747,56,691
370970606021,311,34,277
370970606022,454,18,436
370970606031,334,70,264
370970606032,335,64,271
370970607011,633,135,498
370970607012,456,63,393
370970607021,788,77,711
370970607022,998,64,934
370970607031,737,95,642
370970607032,504,50,454
370970608011,425,105,320
370970608012,511,21,490
370970608013,508,19,489
370970608021,575,129,446
370970608022,675,65,610
370970609011,405,62,343
370970609012,470,53,417
370970609013,318,21,297
370970609014,292,34,258
370970609021,581,96,485
370970609022,249,23,226
370970609023,349,35,314
370970609024,409,25,384
370970610011,732,121,611
370970610012,1277,184,1093
370970610021,299,22,277
370970610022,476,56,420
370970610023,658,40,618
370970610024,297,38,259
370970610031,359,28,331
370970610032,596,39,557
370970610033,751,100,651
370970611011,407,5,402
370970611012,589,33,556
370970611021,394,0,394
370970611022,653,54,599
370970611023,410,13,397
370970611031,669,89,580
370970611032,510,54,456
370970611041,606,28,578
370970611042,308,0,308
370970612011,242,0,242
370970612012,642,34,608
370970612013,526,75,451
370970612021,782,58,724
370970612022,390,19,371
370970612023,790,103,687
370970612031,522,59,463
370970612032,573,29,544
370970612033,332,15,317
370970612034,445,49,396
370970612041,984,20,964
370970612042,459,36,423
370970612051,441,18,423
370970612052,483,64,419
370970612053,260,19,241
370970612054,414,9,405
370970613011,351,49,302
370970613012,383,92,291
370970613013,268,11,257
370970613021,641,34,607
370970613022,707,25,682
370970613023,714,65,649
370970613031,874,83,791
370970613032,897,7,890
370970613041,1064,68,996
370970613042,278,0,278
370970613043,655,47,608
370970614011,529,8,521
370970614012,560,8,552
370970614013,895,4,891
370970614021,449,26,423
370970614022,1651,84,1567
370970614023,341,10,331
370970614031,617,17,600
370970614032,583,81,502
370970614033,357,19,338
370970614041,658,59,599
370970614042,606,36,570
370970614051,717,21,696
370970614052,621,19,602
370970614061,611,11,600
370970614062,309,41,268
370970614063,515,28,487
370970614064,418,9,409
370970614071,866,8,858
370970614072,1051,77,974
370970614081,850,58,792
370970614082,511,0,511
370970615011,738,146,592
370970615012,570,55,515
370970615021,700,56,644
370970615022,643,43,600
370970615031,581,29,552
370970615032,958,57,901
370970616011,685,211,474
370970616012,438,70,368
370970616031,368,45,323
370970616032,735,200,535
370970616033,691,34,657
370970616041,385,30,355
370970616051,846,19,827
370999402001,525,209,316
370999402002,695,82,613
370999402003,432,124,308
370999402004,500,91,409
370999502001,545,47,498
370999502002,420,88,332
370999503001,459,157,302
370999503002,1015,67,948
370999503003,514,190,324
370999503004,575,113,462
370999504001,902,98,804
370999504002,401,27,374
370999504003,503,119,384
370999505001,1332,90,1242
370999505002,833,42,791
370999505003,869,56,813
370999506001,985,111,874
370999506002,281,74,207
370999506003,541,206,335
370999506004,796,367,429
370999506005,603,68,535
370999507001,576,159,417
370999507002,575,91,484
370999508001,245,30,215
370999508002,561,116,445
370999509001,604,36,568
370999509002,721,63,658
371010401011,363,96,267
371010401012,455,72,383
371010401013,259,112,147
371010401021,533,15,518
371010401022,365,148,217
371010401031,373,124,249
371010401032,463,37,426
371010402041,537,18,519
371010402042,340,12,328
371010402043,278,0,278
371010402044,304,0,304
371010402051,593,31,562
371010402052,318,23,295
371010402053,502,65,437
371010402054,580,0,580
371010402061,658,18,640
371010402062,235,52,183
371010402063,271,76,195
371010402064,500,20,480
371010402071,1103,92,1011
371010402072,223,39,184
371010402073,1466,16,1450
371010402074,633,0,633
371010402081,752,16,736
371010402082,548,123,425
371010402083,127,0,127
371010402091,95,0,95
371010402092,743,225,518
371010402093,282,0,282
371010402094,923,0,923
371010402101,639,0,639
371010402102,153,0,153
371010403011,544,257,287
371010403012,417,194,223
371010403013,214,114,100
371010403014,580,42,538
371010403031,451,156,295
371010403032,185,25,160
371010403033,258,130,128
371010403034,544,44,500
371010403041,509,64,445
371010403042,375,23,352
371010404001,628,70,558
371010404002,207,10,197
371010404003,406,27,379
371010404004,431,84,347
371010405011,322,16,306
371010405012,618,96,522
371010405013,296,33,263
371010405014,312,114,198
371010405015,301,32,269
371010405021,373,59,314
371010405022,365,0,365
371010406001,322,74,248
371010406002,1073,303,770
371010407001,255,105,150
371010407002,514,104,410
371010407003,736,202,534
371010408001,770,408,362
371010408002,348,0,348
371010408003,704,83,621
371010409031,1135,329,806
371010409032,330,0,330
371010409033,269,22,247
371010409034,256,0,256
371010409035,318,0,318
371010409041,515,67,448
371010409042,491,0,491
371010409043,208,14,194
371010409051,451,109,342
371010409052,296,25,271
371010409053,274,44,230
371010409054,269,19,250
371010409055,355,21,334
371010409061,388,36,352
371010409062,335,10,325
371010410011,718,17,701
371010410012,728,54,674
371010410013,168,0,168
371010410014,461,17,444
371010410015,1292,329,963
371010410031,555,0,555
371010410032,905,79,826
371010410041,334,42,292
371010410042,320,44,276
371010410051,387,41,346
371010410052,386,18,368
371010410053,411,0,411
371010411041,752,0,752
371010411042,622,12,610
371010411043,38,18,20
371010411044,377,90,287
371010411051,450,28,422
371010411052,333,29,304
371010411053,556,40,516
371010411061,592,106,486
371010411062,971,96,875
371010411071,913,67,846
371010411072,605,28,577
371010411081,599,0,599
371010411082,593,76,517
371010411091,602,32,570
371010411092,460,0,460
371010411101,244,0,244
371010411102,232,0,232
371010411103,635,0,635
371010411111,223,0,223
371010411112,1104,105,999
371010411121,935,26,909
371010411122,482,0,482
371010411131,559,10,549
371010411132,340,21,319
371010412031,384,44,340
371010412032,202,11,191
371010412041,300,40,260
371010412042,297,3,294
371010412051,614,155,459
371010412052,491,60,431
371010412061,566,176,390
371010412062,633,19,614
371010413011,288,18,270
371010413012,227,31,196
371010413013,303,0,303
371010413021,429,56,373
371010413022,250,88,162
371010413023,724,201,523
371010414011,664,145,519
371010414012,413,0,413
371010414013,188,62,126
371010414021,438,86,352
371010414022,351,34,317
371010414023,369,211,158
371010414024,249,33,216
371010414025,267,13,254
371010415041,264,0,264
371010415042,346,0,346
371010415043,389,27,362
371010415044,298,0,298
371010415051,570,56,514
371010415052,310,26,284
371010415053,293,26,267
371010415054,234,50,184
371010415061,298,12,286
371010415062,302,83,219
371010415071,320,39,281
371010415072,434,0,434
371010415073,420,17,403
371010415074,247,38,209
371010415081,208,0,208
371010415082,118,0,118
371010415083,630,17,613
371010415091,338,0,338
371010415092,438,0,438
371010415093,442,0,442
371010415101,251,40,211
371010415102,439,12,427
371010415111,462,37,425
371010415112,190,0,190
371039201001,697,105,592
371039201002,778,170,608
371039202001,718,164,554
371039202002,466,152,314
371039203001,435,69,366
371039203002,376,94,282
371039203003,599,188,411
371050301011,474,105,369
371050301012,455,116,339
371050301013,338,74,264
371050301014,354,18,336
371050301021,635,45,590
371050301022,740,0,740
371050301023,761,0,761
371050302001,185,51,134
371050302002,414,205,209
371050302003,419,234,185
371050303001,378,186,192
371050303002,491,164,327
371050304011,438,75,363
371050304012,479,69,410
371050304013,376,63,313
371050304021,1036,297,739
371050304022,416,117,299
371050304023,646,44,602
371050304024,749,68,681
371050305021,407,27,380
371050305022,439,58,381
371050305041,625,80,545
371050305042,374,10,364
371050305043,671,274,397
371050305051,605,18,587
371050305052,433,87,346
371050305061,464,67,397
371050305071,1091,96,995
371050305072,475,17,458
371050306011,911,84,827
371050306012,307,6,301
371050306021,469,18,451
371050306022,502,21,481
371050306023,1100,60,1040
371050307021,832,101,731
371050307022,476,84,392
371050307023,453,60,393
371050307031,608,40,568
371050307041,675,107,568
371050307042,589,68,521
371070101001,273,43,230
371070101002,522,217,305
371070101003,436,99,337
371070101004,437,91,346
371070102001,450,95,355
371070102002,467,198,269
371070102003,191,131,60
371070103001,233,151,82
371070103002,319,174,145
371070104001,188,45,143
371070104002,198,59,139
371070105001,293,66,227
371070105002,692,242,450
371070105003,418,189,229
371070106001,311,24,287
371070106002,660,82,578
371070106003,282,96,186
371070107001,511,234,277
371070107002,488,148,340
371070107003,321,236,85
371070108001,917,91,826
371070108002,729,168,561
371070108003,678,15,663
371070109001,453,50,403
371070109002,404,139,265
371070109003,320,48,272
371070110011,325,19,306
371070110012,587,102,485
371070110013,400,91,309
371070110014,719,83,636
371070110021,799,111,688
371070110022,841,50,791
371070111001,222,0,222
371070111002,349,114,235
371070111003,848,15,833
371070111004,754,100,654
371070112011,563,64,499
371070112012,502,119,383
371070112013,192,0,192
371070112021,884,174,710
371070112022,582,110,472
371070113011,329,63,266
371070113012,375,55,320
371070113021,927,210,717
371070113022,336,47,289
371070114001,463,125,338
371070114002,614,35,579
371070114003,380,128,252
371070114004,312,73,239
371090701001,467,50,417
371090701002,316,134,182
371090701003,489,154,335
371090701004,408,94,314
371090701005,541,93,448
371090702011,1327,294,1033
371090702012,354,101,253
371090702013,388,26,362
371090702021,564,42,522
371090702022,684,33,651
371090703001,884,160,724
371090703002,798,86,712
371090704001,367,106,261
371090704002,1079,193,886
371090704003,261,67,194
371090704004,641,130,511
371090705001,637,28,609
371090705002,709,62,647
371090705003,651,84,567
371090706001,741,88,653
371090706002,477,69,408
371090706003,501,9,492
371090707001,828,72,756
371090707002,546,49,497
371090708001,1031,246,785
371090708002,634,199,435
371090708003,682,49,633
371090708004,481,107,374
371090709011,655,45,610
371090709012,561,42,519
371090709021,868,61,807
371090709022,976,16,960
371090709023,757,43,714
371090710011,474,15,459
371090710012,481,83,398
371090710013,425,42,383
371090710014,485,58,427
371090710021,316,46,270
371090710022,687,142,545
371090711011,649,78,571
371090711012,1356,305,1051
371090711013,550,48,502
371090711021,805,10,795
371090711022,1078,22,1056
371090711023,777,59,718
371090712011,794,33,761
371090712021,805,27,778
371090712022,699,39,660
371090712031,480,16,464
371090712032,845,19,826
371090712033,612,58,554
371119701011,568,128,440
371119701012,416,14,402
371119701021,591,0,591
371119701022,847,44,803
371119702001,934,146,788
371119702002,496,33,463
371119702003,374,85,289
371119703001,499,66,433
371119703002,527,32,495
371119703003,209,22,187
371119704001,426,100,326
371119704002,525,86,439
371119705001,519,105,414
371119705002,760,186,574
371119705003,556,24,532
371119706001,246,16,230
371119706002,374,76,298
371119706003,723,68,655
371119707001,414,108,306
371119707002,897,121,776
371119707003,591,47,544
371119708001,679,32,647
371119708002,620,119,501
371119708003,657,93,564
371119709021,692,75,617
371119709022,225,75,150
371119709023,327,0,327
371119709024,537,127,410
371119709031,651,75,576
371119709032,804,102,702
371119709033,530,12,518
371119709041,754,144,610
371119709042,307,100,207
371139701001,571,45,526
371139701002,598,88,510
371139702001,916,95,821
371139702002,388,31,357
371139702003,403,120,283
371139703021,1188,80,1108
371139703022,501,16,485
371139703023,218,42,176
371139703031,381,86,295
371139703032,333,31,302
371139703041,425,275,150
371139703042,397,112,285
371139703043,562,100,462
371139704001,713,241,472
371139704002,1080,139,941
371139705011,383,68,315
371139705012,486,20,466
371139705021,509,53,456
371139705022,543,114,429
371139706001,521,94,427
371139706002,687,14,673
371139706003,741,97,644
371139706004,630,125,505
371139707001,538,192,346
371139707002,568,60,508
371139707003,358,72,286
371139707004,656,127,529
371139707005,768,108,660
371150101001,543,125,418
371150101002,508,85,423
371150102001,581,87,494
371150102002,356,52,304
371150104001,358,107,251
371150104002,318,42,276
371150105001,552,40,512
371150105002,305,113,192
371150105003,445,64,381
371150105004,204,25,179
371150106011,855,244,611
371150106012,287,0,287
371150106021,720,138,582
371150106022,603,67,536
371150106023,385,29,356
371150107001,527,56,471
371150107002,826,93,733
371179701001,771,119,652
371179701002,737,137,600
371179701003,484,91,393
371179702001,608,107,501
371179702002,381,101,280
371179702003,210,30,180
371179702004,478,186,292
371179703001,358,128,230
371179703002,448,205,243
371179703003,396,59,337
371179703004,351,18,333
371179704001,287,54,233
371179704002,554,61,493
371179704003,200,11,189
371179705001,215,33,182
371179705002,466,98,368
371179705003,541,79,462
371179705004,351,12,339
371179705005,264,0,264
371179706001,629,144,485
371179706002,574,130,444
371179706003,319,34,285
371190001011,373,63,310
371190001012,279,0,279
371190001021,666,75,591
371190001022,968,59,909
371190001031,958,58,900
371190001041,771,24,747
371190003011,424,24,400
371190003021,162,0,162
371190003022,339,172,167
371190004011,1050,109,941
371190004021,588,55,533
371190004022,681,43,638
371190005011,218,24,194
371190005012,539,0,539
371190005021,711,91,620
371190005031,1065,220,845
371190005032,96,19,77
371190006001,805,235,570
371190006002,282,17,265
371190006003,454,34,420
371190007001,426,24,402
371190007002,229,76,153
371190008001,779,74,705
371190008002,382,78,304
371190009001,250,92,158
371190009002,495,50,445
371190010001,446,0,446
371190010002,258,10,248
371190010003,816,28,788
371190011001,649,59,590
371190011002,197,12,185
371190011003,704,39,665
371190012001,711,88,623
371190012002,482,50,432
371190012003,792,11,781
371190013001,946,124,822
371190013002,477,40,437
371190013003,314,0,314
371190014001,711,27,684
371190014002,901,71,830
371190015041,1313,69,1244
371190015042,652,155,497
371190015043,694,242,452
371190015051,511,11,500
371190015052,868,124,744
371190015071,556,241,315
371190015072,428,83,345
371190015073,394,139,255
371190015081,1003,97,906
371190015082,1092,73,1019
371190015083,266,33,233
371190015091,416,31,385
371190015092,729,128,601
371190015101,811,87,724
371190015102,377,54,323
371190016031,748,146,602
371190016032,530,122,408
371190016033,513,87,426
371190016051,764,93,671
371190016061,850,147,703
371190016062,639,159,480
371190016071,1146,171,975
371190016081,866,266,600
371190016082,749,168,581
371190016091,320,83,237
371190016092,912,200,712
371190017011,802,67,735
371190017012,994,450,544
371190017021,510,116,394
371190017022,412,72,340
371190017023,376,87,289
371190017024,1045,290,755
371190018011,227,29,198
371190018012,157,12,145
371190018013,328,103,225
371190018021,781,79,702
371190018022,914,64,850
371190019101,848,61,787
371190019102,570,30,540
371190019103,449,76,373
371190019111,548,49,499
371190019112,742,19,723
371190019113,865,40,825
371190019141,708,174,534
371190019142,666,68,598
371190019161,523,44,479
371190019162,960,45,915
371190019171,609,74,535
371190019172,682,192,490
371190019181,164,16,148
371190019182,976,102,874
371190019183,532,152,380
371190019191,535,192,343
371190019192,551,107,444
371190019193,486,82,404
371190019201,660,175,485
371190019202,495,23,472
371190019203,502,106,396
371190019211,839,77,762
371190019221,661,115,546
371190019222,1090,114,976
371190019231,1218,70,1148
371190019232,422,58,364
371190019241,924,195,729
371190019251,365,10,355
371190019252,301,16,285
371190019253,1028,360,668
371190019261,730,141,589
371190019262,1021,167,854
371190019271,493,47,446
371190019272,709,17,692
371190020041,578,15,563
371190020042,519,0,519
371190020043,911,110,801
371190020051,463,110,353
371190020052,848,13,835
371190020061,872,93,779
371190020062,614,0,614
371190020071,459,45,414
371190020072,658,16,642
371190020081,463,29,434
371190020082,655,0,655
371190020083,207,15,192
371190021001,404,58,346
371190021002,927,68,859
371190022011,640,37,603
371190022012,416,0,416
371190022021,522,40,482
371190022022,757,32,725
371190023001,275,74,201
371190023002,974,533,441
371190024001,1186,86,1100
371190024002,431,36,395
371190024003,232,10,222
371190025001,738,29,709
371190025002,517,13,504
371190026001,612,100,512
371190027011,503,0,503
371190027012,532,29,503
371190027013,256,18,238
371190027021,817,30,787
371190027022,973,10,963
371190027023,335,0,335
371190028001,282,6,276
371190028002,377,0,377
371190028003,881,27,854
371190029031,421,15,406
371190029032,345,17,328
371190029033,1225,78,1147
371190029051,644,31,613
371190029052,573,25,548
371190029071,525,0,525
371190029072,724,49,675
371190029081,469,18,451
371190029082,253,0,253
371190029083,623,36,587
371190029091,848,125,723
371190029101,436,0,436
371190029102,747,51,696
371190029103,670,0,670
371190030061,742,0,742
371190030062,1208,93,1115
371190030081,1035,41,994
371190030082,814,42,772
371190030083,807,42,765
371190030121,933,0,933
371190030122,1020,70,950
371190030131,938,47,891
371190030132,955,40,915
371190030151,633,19,614
371190030152,878,17,861
371190030153,448,20,428
371190030161,924,65,859
371190030162,285,0,285
371190030163,577,8,569
371190030171,592,56,536
371190030172,973,29,944
371190030181,1164,39,1125
371190030191,286,0,286
371190030192,489,71,418
371190030201,563,0,563
371190030202,697,29,668
371190030203,412,0,412
371190030211,517,0,517
371190030212,560,30,530
371190030221,614,0,614
371190030222,320,60,260
371190030223,719,32,687
371190031021,1192,120,1072
371190031022,448,27,421
371190031023,601,49,552
371190031051,599,10,589
371190031052,1132,80,1052
371190031061,890,177,713
371190031062,919,42,877
371190031081,633,134,499
371190031082,796,116,680
371190031091,1049,146,903
371190031092,470,131,339
371190031101,963,117,846
371190031111,871,189,682
371190031112,316,27,289
371190031113,377,0,377
371190032011,410,48,362
371190032012,825,38,787
371190032031,1073,153,920
371190032032,346,42,304
371190032041,503,31,472
371190032042,740,32,708
371190032043,398,9,389
371190033011,305,26,279
371190033012,367,21,346
371190033021,753,97,656
371190033022,443,14,429
371190034011,395,2,393
371190034012,537,78,459
371190034021,630,0,630
371190034022,436,29,407
371190034023,655,0,655
371190035001,991,28,963
371190035002,591,0,591
371190036001,649,70,579
371190036002,579,32,547
371190036003,430,92,338
371190036004,192,47,145
371190037011,904,27,877
371190037012,225,61,164
371190037021,621,41,580
371190037022,446,313,133
371190038021,360,37,323
371190038022,846,252,594
371190038023,34,0,34
371190038051,460,0,460
371190038052,1383,154,1229
371190038071,487,134,353
371190038072,1047,159,888
371190038081,608,220,388
371190038082,214,16,198
371190038083,1257,158,1099
371190038091,335,64,271
371190038092,952,13,939
371190038101,506,25,481
371190038102,1053,68,985
371190038111,896,168,728
371190039021,522,90,432
371190039022,648,158,490
371190039023,386,160,226
371190039024,418,119,299
371190039031,391,285,106
371190039032,421,185,236
371190040001,375,121,254
371190040002,351,119,232
371190040003,587,101,486
371190040004,489,61,428
371190041011,456,39,417
371190041012,196,39,157
371190041021,339,66,273
371190041022,936,36,900
371190042001,216,77,139
371190042002,390,85,305
371190042003,180,64,116
371190042004,514,23,491
371190043021,391,115,276
371190043022,851,45,806
371190043023,407,118,289
371190043031,883,123,760
371190043041,1041,245,796
371190043042,334,57,277
371190043061,665,21,644
371190043062,702,131,571
371190043071,1433,131,1302
371190044001,381,66,315
371190044002,458,54,404
371190044003,573,38,535
371190045001,461,152,309
371190045002,480,62,418
371190045003,313,69,244
371190046001,519,92,427
371190046002,588,162,426
371190047001,430,114,316
371190048001,662,231,431
371190048002,432,124,308
371190048003,516,168,348
371190049001,237,63,174
371190050001,412,113,299
371190050002,544,20,524
371190051001,365,100,265
371190051002,803,277,526
371190052001,161,32,129
371190052002,237,85,152
371190052003,342,55,287
371190053011,1274,249,1025
371190053012,338,39,299
371190053051,355,1,354
371190053052,578,162,416
371190053053,971,128,843
371190053061,243,37,206
371190053062,766,241,525
371190053071,969,212,757
371190053072,563,177,386
371190053081,668,239,429
371190053082,325,66,259
371190054031,1345,185,1160
371190054032,524,84,440
371190054041,1088,149,939
371190054042,752,56,696
371190054051,764,57,707
371190054052,464,27,437
371190054061,1032,56,976
371190054062,645,103,542
371190055081,797,0,797
371190055082,801,0,801
371190055101,753,203,550
371190055102,964,106,858
371190055103,584,15,569
371190055111,374,0,374
371190055112,790,24,766
371190055113,697,57,640
371190055121,383,71,312
371190055122,585,37,548
371190055123,1099,80,1019
371190055131,650,34,616
371190055132,541,67,474
371190055133,425,18,407
371190055151,952,37,915
371190055161,660,36,624
371190055171,330,0,330
371190055172,501,0,501
371190055173,943,32,911
371190055191,818,58,760
371190055192,214,68,146
371190055193,921,52,869
371190055201,202,45,157
371190055202,665,0,665
371190055203,737,40,697
371190055221,571,0,571
371190055222,958,14,944
371190055223,493,10,483
371190055251,600,94,506
371190055252,727,0,727
371190055261,711,0,711
371190055262,318,20,298
371190055271,1364,109,1255
371190055281,748,19,729
371190055282,1103,67,1036
371190055291,735,100,635
371190055301,1049,0,1049
371190055302,258,41,217
371190055311,613,48,565
371190055312,1445,123,1322
371190055321,678,49,629
371190055322,1311,58,1253
371190055331,646,18,628
371190055341,344,96,248
371190055342,1154,190,964
371190055343,793,162,631
371190055351,643,71,572
371190055352,1040,144,896
371190055361,325,0,325
371190055362,513,39,474
371190055363,908,97,811
371190055364,808,8,800
371190056041,945,405,540
371190056042,0,0,0
371190056043,0,0,0
371190056091,897,331,566
371190056092,615,451,164
371190056101,373,133,240
371190056102,931,96,835
371190056111,243,43,200
371190056112,1130,69,1061
371190056121,980,18,962
371190056122,1089,64,1025
371190056131,1146,48,1098
371190056151,630,9,621
371190056161,590,69,521
371190056171,744,59,685
371190056172,25,0,25
371190056181,633,18,615
371190056182,396,43,353
371190056191,875,115,760
371190056192,660,28,632
371190056211,1109,288,821
371190056212,411,0,411
371190056213,416,7,409
371190056221,363,174,189
371190056222,612,328,284
371190056231,1199,211,988
371190056232,941,313,628
371190056241,787,12,775
371190056251,1163,157,1006
371190056252,967,19,948
371190056261,1225,110,1115
371190056271,458,108,350
371190056272,917,53,864
371190056273,878,17,861
371190057091,1155,99,1056
371190057092,998,11,987
371190057101,690,35,655
371190057102,1199,138,1061
371190057121,857,18,839
371190057122,538,7,531
371190057131,875,91,784
371190057132,787,32,755
371190057141,992,0,992
371190057142,594,16,578
371190057143,640,25,615
371190057151,912,37,875
371190057161,721,31,690
371190057162,1180,54,1126
371190057181,760,79,681
371190057182,606,20,586
371190057191,863,258,605
371190057192,714,112,602
371190057201,1015,33,982
371190057211,155,0,155
371190057212,1343,43,1300
371190057221,940,98,842
371190057231,1062,112,950
371190057232,468,21,447
371190058111,794,42,752
371190058112,318,68,250
371190058113,744,43,701
371190058151,1198,59,1139
371190058152,309,0,309
371190058161,1226,43,1183
371190058162,459,18,441
371190058171,471,30,441
371190058172,1122,45,1077
371190058241,985,193,792
371190058242,540,0,540
371190058261,177,41,136
371190058262,903,103,800
371190058271,1102,103,999
371190058281,976,44,932
371190058282,135,8,127
371190058283,563,19,544
371190058291,392,22,370
371190058292,489,25,464
371190058301,654,13,641
371190058302,815,55,760
371190058321,1000,37,963
371190058331,339,0,339
371190058332,1067,49,1018
371190058333,787,23,764
371190058341,1150,44,1106
371190058342,519,0,519
371190058351,1018,114,904
371190058361,769,126,643
371190058362,395,28,367
371190058391,529,131,398
371190058392,599,0,599
371190058401,798,25,773
371190058431,429,26,403
371190058432,733,41,692
371190058451,437,0,437
371190058452,957,9,948
371190058453,394,0,394
371190058461,533,75,458
371190058462,708,7,701
371190058471,614,10,604
371190058472,840,12,828
371190058473,402,21,381
371190058481,685,9,676
371190058482,608,0,608
371190058483,302,6,296
371190058491,249,0,249
371190058492,904,15,889
371190058501,818,0,818
371190058511,615,0,615
371190058512,871,196,675
371190058521,1532,160,1372
371190058531,971,54,917
371190058532,171,37,134
371190058541,1149,0,1149
371190058551,645,10,635
371190058552,383,0,383
371190058553,777,20,757
371190058561,948,10,938
371190058571,834,21,813
371190058581,467,0,467
371190058582,875,60,815
371190058591,1184,35,1149
371190058601,919,0,919
371190058602,738,0,738
371190058611,877,30,847
371190058612,477,17,460
371190058621,1115,63,1052
371190058631,708,0,708
371190058632,607,0,607
371190058641,632,13,619
371190058642,1011,32,979
371190058651,926,100,826
371190058661,979,111,868
371190058662,844,86,758
371190058663,240,11,229
371190058671,203,65,138
371190058672,1156,46,1110
371190058681,822,204,618
371190059081,700,35,665
371190059101,1025,45,980
371190059102,923,13,910
371190059131,476,45,431
371190059132,1060,57,1003
371190059133,650,17,633
371190059134,445,0,445
371190059151,238,24,214
371190059152,1093,25,1068
371190059161,457,69,388
371190059162,386,82,304
371190059181,379,40,339
371190059182,280,0,280
371190059183,762,62,700
371190059191,864,116,748
371190059192,231,90,141
371190059201,629,75,554
371190059202,154,62,92
371190059211,995,37,958
371190059221,720,47,673
371190059222,664,0,664
371190059231,941,40,901
371190059232,655,35,620
371190059241,1178,0,1178
371190059242,657,10,647
371190059251,911,29,882
371190059261,1144,14,1130
371190059262,570,0,570
371190059271,1573,58,1515
371190059272,742,42,700
371190059281,507,23,484
371190059291,1194,0,1194
371190059292,497,5,492
371190059301,1174,41,1133
371190059311,314,60,254
371190059312,1049,60,989
371190059321,914,68,846
371190060051,506,21,485
371190060052,572,85,487
371190060081,656,100,556
371190060082,750,42,708
371190060091,536,119,417
371190060092,756,72,684
371190060111,869,0,869
371190060121,833,74,759
371190060122,715,97,618
371190060131,331,0,331
371190060132,1241,434,807
371190060141,505,0,505
371190060142,841,0,841
371190060151,575,42,533
371190060152,745,41,704
371190060161,458,103,355
371190060162,404,70,334
371190061031,711,87,624
371190061032,796,43,753
371190061051,1003,28,975
371190061081,1077,84,993
371190061082,605,137,468
371190061091,1263,191,1072
371190061101,565,18,547
371190061102,599,11,588
371190061103,1026,108,918
371190061111,651,56,595
371190061112,556,0,556
371190061121,653,104,549
371190061122,274,0,274
371190061131,349,5,344
371190061132,1017,48,969
371190061141,342,75,267
371190061142,946,20,926
371190061151,1501,67,1434
371190061152,356,181,175
371190062081,399,33,366
371190062082,1121,42,1079
371190062091,384,44,340
371190062092,1013,64,949
371190062093,929,30,899
371190062101,1025,23,1002
371190062102,589,0,589
371190062111,1229,25,1204
371190062112,1052,18,1034
371190062121,907,28,879
371190062122,713,76,637
371190062141,467,11,456
371190062142,815,29,786
371190062161,768,78,690
371190062171,509,26,483
371190062172,870,141,729
371190062181,994,37,957
371190062191,997,11,986
371190062201,583,3,580
371190062202,825,164,661
371190062211,1113,16,1097
371190062221,308,20,288
371190062222,944,82,862
371190062231,841,38,803
371190062241,1128,106,1022
371190063051,1199,24,1175
371190063061,415,24,391
371190063071,1122,32,1090
371190063072,283,23,260
371190063081,1515,13,1502
371190063091,831,174,657
371190063101,1114,31,1083
371190063111,192,0,192
371190063112,1098,91,1007
371190064031,930,193,737
371190064032,56,0,56
371190064033,533,8,525
371190064041,679,0,679
371190064042,610,1,609
371190064043,771,0,771
371190064071,482,51,431
371190064072,937,28,909
371190064081,590,52,538
371190064082,660,53,607
371190064091,1278,76,1202
371190064101,769,45,724
371190064102,560,97,463
371190064111,723,224,499
371190064112,412,9,403
371199801001,0,0,0
371199802001,0,0,0
371199803001,12,0,12
371219501001,522,39,483
371219501002,442,93,349
371219502001,327,41,286
371219502002,436,84,352
371219502003,838,91,747
371219503001,1071,174,897
371219503002,288,63,225
371219503003,439,127,312
371219504001,441,20,421
371219504002,808,124,684
371219504003,790,38,752
371239601011,568,79,489
371239601021,388,176,212
371239601022,546,89,457
371239601023,458,101,357
371239601024,390,51,339
371239602011,265,15,250
371239602012,382,60,322
371239602021,764,190,574
371239602022,348,62,286
371239602023,792,77,715
371239603011,551,73,478
371239603021,579,17,562
371239603022,606,45,561
371239604011,456,105,351
371239604012,475,77,398
371239604021,409,91,318
371239604022,258,0,258
371239604023,351,10,341
371239605011,654,82,572
371239605012,259,101,158
371239605021,230,0,230
371239605022,536,127,409
371259501001,440,47,393
371259501002,463,85,378
371259501003,428,113,315
371259502011,377,49,328
371259502012,380,84,296
371259502013,322,19,303
371259502021,655,72,583
371259502022,546,76,470
371259502023,673,146,527
371259503031,1031,43,988
371259503041,368,104,264
371259503042,384,67,317
371259503043,263,26,237
371259503051,621,43,578
371259503052,779,35,744
371259503053,307,0,307
371259503061,897,23,874
371259504021,899,151,748
371259504022,605,19,586
371259504031,217,27,190
371259504032,405,60,345
371259504033,285,20,265
371259504041,604,49,555
371259504042,431,29,402
371259505031,625,27,598
371259505032,444,53,391
371259505041,1259,81,1178
371259505051,344,17,327
371259505061,932,44,888
371259505062,422,0,422
371259505063,573,43,530
371259505071,1004,103,901
371259505072,508,114,394
371259506011,363,8,355
371259506012,653,15,638
371259506013,676,28,648
371259506031,411,42,369
371259506032,512,25,487
371259506033,253,80,173
371259506034,402,17,385
371259506041,577,0,577
371259506042,864,92,772
371259507021,465,27,438
371259507022,980,16,964
371259507031,863,15,848
371259507032,355,173,182
371259507041,554,41,513
371259507042,766,40,726
371259508011,485,303,182
371259508012,399,120,279
371259508013,1003,80,923
371259508014,267,16,251
371259508021,605,203,402
371259508022,495,31,464
371259508023,445,17,428
371259508024,323,28,295
371259509001,136,36,100
371259509002,552,71,481
371259509003,453,16,437
371259510011,797,123,674
371259510012,366,23,343
371259510013,698,0,698
371259510021,623,16,607
371259511011,80,43,37
371259511012,389,34,355
371259511013,876,80,796
371259511021,837,37,800
371259511022,827,27,800
371259511023,731,116,615
371259512001,646,88,558
371259512002,521,57,464
371259512003,836,54,782
371270102001,274,128,146
371270102002,366,166,200
371270102003,520,113,407
371270102004,297,163,134
371270102005,708,0,708
371270103011,265,59,206
371270103012,357,0,357
371270103013,462,249,213
371270103014,246,93,153
371270103021,158,42,116
371270103022,1074,266,808
371270104001,344,131,213
371270104002,525,164,361
371270104003,337,30,307
371270105031,349,101,248
371270105032,635,43,592
371270105041,477,17,460
371270105042,654,33,621
371270105043,711,194,517
371270105044,406,24,382
371270105051,256,23,233
371270105052,231,81,150
371270105053,337,38,299
371270105054,954,242,712
371270105061,723,0,723
371270105062,625,54,571
371270105063,574,0,574
371270106011,298,135,163
371270106012,678,111,567
371270106031,765,20,745
371270106041,896,111,785
371270106042,612,181,431
371270106043,210,0,210
371270107001,488,100,388
371270107002,214,24,190
371270107003,439,84,355
371270108011,405,121,284
371270108021,518,0,518
371270108022,801,46,755
371270108023,543,56,487
371270108024,578,2,576
371270109001,357,53,304
371270109002,479,55,424
371270109003,545,7,538
371270109004,548,138,410
371270110001,642,59,583
371270110002,295,34,261
371270110003,1032,198,834
371270111011,939,188,751
371270111012,655,24,631
371270111013,728,44,684
371270111031,223,125,98
371270111032,885,41,844
371270111033,329,0,329
371270111034,467,86,381
371270111041,484,49,435
371270111042,258,39,219
371270112011,805,240,565
371270112012,524,66,458
371270112021,320,0,320
371270112022,847,60,787
371270113001,833,123,710
371270113002,478,56,422
371270113003,503,134,369
371270114001,695,136,559
371270114002,428,59,369
371270114003,428,38,390
371270115011,620,205,415
371270115012,425,96,329
371270115021,397,132,265
371270115022,475,74,401
371270115023,417,101,316
371290101001,438,155,283
371290101002,515,7,508
371290101003,326,223,103
371290102001,631,96,535
371290102002,607,117,490
371290102003,559,318,241
371290103001,462,149,313
371290103002,432,59,373
371290103003,461,144,317
371290103004,542,219,323
371290103005,342,16,326
371290104001,395,40,355
371290104002,359,7,352
371290104003,469,56,413
371290105011,447,202,245
371290105012,1066,181,885
371290105013,651,456,195
371290105031,892,150,742
371290105032,384,97,287
371290105041,600,83,517
371290105042,794,159,635
371290105043,1892,686,1206
371290106001,889,80,809
371290106002,370,0,370
371290106003,347,25,322
371290106004,620,45,575
371290107001,702,66,636
371290107002,360,91,269
371290107003,534,160,374
371290107004,638,213,425
371290108001,541,256,285
371290108002,382,61,321
371290109001,519,5,514
371290109002,459,84,375
371290110001,291,198,93
371290110002,526,64,462
371290110003,299,98,201
371290111001,413,88,325
371290111002,926,261,665
371290112001,241,23,218
371290112002,395,89,306
371290112003,337,130,207
371290113001,570,80,490
371290113002,594,155,439
371290114001,344,147,197
371290114002,500,45,455
371290115011,379,74,305
371290115012,583,184,399
371290115013,266,67,199
371290115014,484,350,134
371290115021,442,54,388
371290115022,413,212,201
371290115031,489,189,300
371290115032,892,164,728
371290115041,567,47,520
371290115042,783,164,619
371290115043,508,0,508
371290116051,871,14,857
371290116052,731,177,554
371290116053,451,122,329
371290116061,967,262,705
371290116062,990,83,907
371290116081,391,43,348
371290116082,720,61,659
371290116083,517,72,445
371290116084,1004,0,1004
371290116091,377,0,377
371290116092,1061,0,1061
371290116093,1050,11,1039
371290116101,522,50,472
371290116102,939,385,554
371290116111,950,117,833
371290116112,933,24,909
371290116113,850,264,586
371290116121,632,125,507
371290116122,2064,104,1960
371290117011,646,51,595
371290117012,904,59,845
371290117013,815,20,795
371290117031,1167,65,1102
371290117032,958,54,904
371290117051,1198,15,1183
371290117052,495,53,442
371290117053,1063,60,1003
371290117054,1004,73,931
371290118001,477,24,453
371290118002,445,30,415
371290118003,269,0,269
371290119041,762,38,724
371290119042,713,17,696
371290119051,724,132,592
371290119052,328,83,245
371290119061,587,224,363
371290119062,519,75,444
371290119063,521,206,315
371290120041,529,49,480
371290120042,337,10,327
371290120043,585,19,566
371290120061,901,72,829
371290120062,872,23,849
371290120071,392,66,326
371290120072,886,109,777
371290120073,897,62,835
371290120074,645,65,580
371290120081,962,37,925
371290120082,724,56,668
371290120083,871,35,836
371290120084,489,73,416
371290120091,845,0,845
371290120092,799,16,783
371290120093,937,18,919
371290120094,323,12,311
371290120101,306,5,301
371290120102,1059,46,1013
371290120103,879,64,815
371290120111,478,98,380
371290120112,691,36,655
371290120113,688,123,565
371290120121,622,35,587
371290120122,386,30,356
371290121031,733,71,662
371290121032,332,27,305
371290121033,736,23,713
371290121061,814,68,746
371290121062,924,68,856
371290121063,1177,305,872
371290121071,413,67,346
371290121072,865,119,746
371290121073,505,117,388
371290121081,934,173,761
371290121082,399,54,345
371290121091,1323,75,1248
371290121101,1046,142,904
371290121102,814,134,680
371290121111,835,119,716
371290121112,716,110,606
371290121113,550,0,550
371290122011,340,8,332
371290122012,527,84,443
371290122013,498,43,455
371290122021,565,19,546
371290122022,178,0,178
371290122023,314,51,263
371290122024,377,26,351
371290122031,449,12,437
371290122032,209,0,209
371290122033,347,11,336
371290123001,375,0,375
371290123002,771,0,771
371290123003,997,26,971
371290123004,1350,78,1272
371299801001,0,0,0
371299901000,0,0,0
371319201011,343,97,246
371319201012,197,26,171
371319201021,201,87,114
371319201022,247,2,245
371319201031,461,145,316
371319201032,347,52,295
371319202011,208,53,155
371319202012,125,32,93
371319202021,290,35,255
371319202022,549,106,443
371319202023,220,7,213
371319202024,131,18,113
371319203011,520,168,352
371319203012,450,81,369
371319203021,667,119,548
371319203022,262,89,173
371319203031,294,51,243
371319203032,403,33,370
371319204011,651,127,524
371319204012,462,96,366
371319204013,550,125,425
371319204021,313,70,243
371319204022,533,155,378
371330001031,915,63,852
371330001032,571,39,532
371330001033,542,150,392
371330001041,1022,77,945
371330001051,998,84,914
371330001052,719,47,672
371330001053,947,74,873
371330002031,595,106,489
371330002032,885,121,764
371330002041,1069,117,952
371330002042,599,0,599
371330002051,895,103,792
371330002052,1175,126,1049
371330002053,410,1,409
371330002061,543,28,515
371330002062,657,66,591
371330002071,712,22,690
371330002072,722,172,550
371330003031,743,80,663
371330003041,332,8,324
371330003042,548,36,512
371330003043,434,43,391
371330003051,707,114,593
371330003052,247,39,208
371330003061,317,0,317
371330003062,797,344,453
371330003063,359,95,264
371330003064,1403,127,1276
371330004011,871,63,808
371330004012,814,25,789
371330004013,428,28,400
371330004014,588,32,556
371330004031,649,71,578
371330004041,388,44,344
371330004051,1215,293,922
371330004052,576,60,516
371330004053,1165,56,1109
371330005001,3,3,0
371330006001,14,0,14
371330006002,0,0,0
371330006003,0,0,0
371330006004,0,0,0
371330007001,889,93,796
371330007002,326,63,263
371330007003,665,39,626
371330008001,553,95,458
371330009011,161,31,130
371330009012,372,21,351
371330009021,581,71,510
371330009022,544,15,529
371330009023,157,0,157
371330010001,301,11,290
371330011011,312,96,216
371330011012,603,76,527
371330011013,784,120,664
371330011021,333,37,296
371330011022,737,134,603
371330011023,566,34,532
371330012011,1017,117,900
371330012021,577,131,446
371330012022,560,0,560
371330012023,1044,183,861
371330012024,494,0,494
371330013011,2066,198,1868
371330013021,1018,0,1018
371330013031,781,21,760
371330013041,2118,211,1907
371330013042,360,0,360
371330013043,229,67,162
371330013044,584,0,584
371330014001,668,0,668
371330014002,202,21,181
371330014003,464,50,414
371330014004,396,29,367
371330015001,731,247,484
371330015002,276,59,217
371330017001,389,0,389
371330017002,512,133,379
371330018001,178,18,160
371330018002,526,105,421
371330021001,553,39,514
371330021002,636,48,588
371330021003,794,41,753
371330021004,318,76,242
371330022011,853,71,782
371330022012,944,110,834
371330022021,582,132,450
371330022022,370,78,292
371330022023,538,172,366
371330022024,123,8,115
371330023001,610,27,583
371330023002,375,63,312
371330023003,583,91,492
371330024001,752,49,703
371330024002,209,0,209
371330024003,650,233,417
371330024004,371,4,367
371330024005,435,44,391
371330025001,313,58,255
371330025002,994,204,790
371330026001,250,63,187
371330026002,358,72,286
371330026003,320,60,260
371330026004,397,213,184
371330028011,899,318,581
371330028021,755,54,701
371330028031,995,93,902
371330028032,1164,17,1147
371330028033,342,33,309
371339901000,0,0,0
371350107011,212,5,207
371350107012,655,26,629
371350107051,556,61,495
371350107052,409,87,322
371350107053,386,16,370
371350107054,574,103,471
371350107061,440,34,406
371350107062,387,11,376
371350107063,308,22,286
371350107071,421,95,326
371350107072,618,32,586
371350107073,635,208,427
371350107081,740,278,462
371350107082,519,61,458
371350107091,614,130,484
371350107092,211,0,211
371350107101,310,0,310
371350107102,782,69,713
371350107103,218,1,217
371350108021,199,12,187
371350108022,344,21,323
371350108023,434,26,408
371350108024,381,20,361
371350108025,511,14,497
371350108031,430,23,407
371350108032,407,37,370
371350108033,408,13,395
371350108041,493,66,427
371350108042,429,39,390
371350109021,512,66,446
371350109022,1265,116,1149
371350109023,413,60,353
371350109024,178,8,170
371350109031,548,31,517
371350109032,472,28,444
371350109041,205,0,205
371350109042,434,95,339
371350109043,390,14,376
371350109044,356,24,332
371350110011,418,19,399
371350110012,859,61,798
371350110013,526,18,508
371350110021,588,30,558
371350110022,254,0,254
371350110023,646,10,636
371350111031,562,7,555
371350111032,291,27,264
371350111033,93,0,93
371350111034,438,160,278
371350111041,291,10,281
371350111042,332,5,327
371350111051,834,57,777
371350111052,201,19,182
371350111061,517,176,341
371350111062,302,0,302
371350111063,237,0,237
371350111071,295,3,292
371350111072,818,96,722
371350111073,323,32,291
371350111074,189,24,165
371350112041,321,26,295
371350112042,407,109,298
371350112043,275,33,242
371350112044,295,0,295
371350112061,470,97,373
371350112062,239,0,239
371350112063,511,0,511
371350112064,259,35,224
371350112071,993,16,977
371350112072,515,13,502
371350112081,581,15,566
371350112082,249,171,78
371350112083,435,0,435
371350112084,461,40,421
371350112085,276,0,276
371350112091,440,23,417
371350112092,683,0,683
371350112093,380,23,357
371350112101,194,16,178
371350112102,690,0,690
371350112103,464,29,435
371350112111,407,23,384
371350112112,612,33,579
371350113001,404,181,223
371350113002,373,197,176
371350113003,359,152,207
371350114001,342,40,302
371350114002,344,16,328
371350114003,581,343,238
371350115001,790,104,686
371350116011,8,8,0
371350116021,276,118,158
371350117001,768,201,567
371350117002,288,46,242
371350117003,198,72,126
371350117004,253,96,157
371350118001,516,245,271
371350118002,276,0,276
371350118003,420,95,325
371350119021,631,78,553
371350119022,296,0,296
371350119023,212,49,163
371350119024,689,45,644
371350119031,372,54,318
371350119032,487,18,469
371350119041,248,103,145
371350119042,413,71,342
371350119043,430,0,430
371350121011,364,78,286
371350121012,162,0,162
371350121013,770,177,593
371350121021,274,0,274
371350121022,362,0,362
371350121031,539,26,513
371350121032,661,107,554
371350122011,330,20,310
371350122012,475,0,475
371350122013,412,21,391
371350122021,863,0,863
371350122022,439,217,222
371350122023,622,68,554
371379501011,497,89,408
371379501012,373,17,356
371379501013,344,40,304
371379501031,606,145,461
371379501032,312,73,239
371379501041,362,188,174
371379501042,227,57,170
371379502021,571,16,555
371379502022,344,82,262
371379502023,377,22,355
371379502031,109,0,109
371379502032,141,15,126
371379502033,223,65,158
371379502034,158,0,158
371379502041,331,14,317
371379502042,223,8,215
371379502043,308,58,250
371379901000,0,0,0
371399601001,328,51,277
371399601002,322,99,223
371399602001,405,75,330
371399602002,199,42,157
371399602003,188,73,115
371399602004,346,41,305
371399603001,462,100,362
371399603002,609,378,231
371399604001,399,79,320
371399604002,246,9,237
371399604003,302,9,293
371399604004,277,53,224
371399604005,439,110,329
371399605011,392,39,353
371399605012,873,70,803
371399605021,783,90,693
371399605022,517,69,448
371399605023,460,0,460
371399605031,806,176,630
371399605032,210,38,172
371399606001,586,13,573
371399606002,354,31,323
371399606003,470,0,470
371399606004,1405,37,1368
371399607011,779,47,732
371399607012,329,25,304
371399607013,318,11,307
371399607014,668,102,566
371399607020,0,0,0
371399607021,700,76,624
371399607022,344,42,302
371399607023,269,57,212
371419201041,287,45,242
371419201042,960,123,837
371419201043,136,7,129
371419201051,399,87,312
371419201052,330,33,297
371419201061,802,58,744
371419202011,1279,17,1262
371419202012,801,0,801
371419202013,717,59,658
371419202021,819,61,758
371419202022,1270,123,1147
371419202023,872,16,856
371419202031,1007,104,903
371419202032,988,94,894
371419202041,254,39,215
371419202042,683,129,554
371419203001,727,130,597
371419203002,690,177,513
371419203003,232,19,213
371419204011,348,102,246
371419204012,659,124,535
371419204021,549,40,509
371419204022,742,209,533
371419204031,354,39,315
371419204032,292,24,268
371419204033,434,53,381
371419205011,869,105,764
371419205012,493,55,438
371419205013,499,51,448
371419205021,616,132,484
371419206011,1245,408,837
371419206021,1130,114,1016
371419206022,822,184,638
371419206023,507,36,471
371419901000,0,0,0
371439201011,549,100,449
371439201012,770,127,643
371439201013,309,106,203
371439201020,0,0,0
371439201021,160,0,160
371439201022,705,60,645
371439201023,445,60,385
371439202011,186,15,171
371439202012,413,81,332
371439202013,495,80,415
371439202020,0,0,0
371439202021,795,39,756
371439202022,151,40,111
371439202023,643,10,633
371439202024,265,13,252
371459201001,995,111,884
371459201002,372,49,323
371459201003,603,51,552
371459201004,728,217,511
371459202001,587,73,514
371459202002,650,59,591
371459202003,683,33,650
371459202004,801,126,675
371459203001,789,183,606
371459203002,444,228,216
371459203003,823,122,701
371459203004,535,94,441
371459204001,352,76,276
371459204002,311,29,282
371459204003,530,104,426
371459205001,864,172,692
371459205002,626,59,567
371459205003,803,84,719
371459205004,400,23,377
371459206011,999,316,683
371459206012,416,49,367
371459206013,271,0,271
371459206014,594,49,545
371459206021,533,54,479
371459206022,822,112,710
371459206023,622,8,614
371470001011,228,76,152
371470001012,269,153,116
371470001013,466,268,198
371470001021,692,334,358
371470001022,640,236,404
371470002011,528,256,272
371470002012,1091,343,748
371470002013,469,193,276
371470002014,219,92,127
371470002021,422,89,333
371470002022,439,88,351
371470002023,310,12,298
371470003011,442,0,442
371470003012,826,52,774
371470003031,674,255,419
371470003032,306,200,106
371470003041,737,155,582
371470003042,578,144,434
371470003043,679,15,664
371470004001,90,72,18
371470004002,11,0,11
371470004003,519,64,455
371470004004,129,12,117
371470005011,693,23,670
371470005012,784,67,717
371470005013,602,393,209
371470005014,321,0,321
371470005031,613,72,541
371470005032,739,107,632
371470005033,775,291,484
371470005041,1163,740,423
371470005042,802,201,601
371470006021,757,177,580
371470006022,288,45,243
371470006023,654,235,419
371470006024,597,150,447
371470006041,1603,264,1339
371470006042,1216,122,1094
371470006051,1473,490,983
371470006052,824,145,679
371470006061,757,180,577
371470006062,582,165,417
371470006071,551,108,443
371470006072,721,0,721
371470006073,973,35,938
371470006074,521,136,385
371470007011,818,303,515
371470007012,181,49,132
371470007013,406,111,295
371470007014,172,48,124
371470007021,298,253,45
371470007022,396,94,302
371470007023,367,165,202
371470008001,412,247,165
371470008002,340,52,288
371470008003,412,46,366
371470009011,576,41,535
371470009012,421,114,307
371470009013,763,288,475
371470009021,464,96,368
371470009022,619,85,534
371470010011,879,131,748
371470010021,561,12,549
371470010022,382,0,382
371470010023,952,55,897
371470010024,550,52,498
371470010031,530,11,519
371470010032,800,15,785
371470010033,736,0,736
371470011001,790,95,695
371470011002,724,160,564
371470011003,570,51,519
371470012001,270,0,270
371470012002,311,23,288
371470012003,700,24,676
371470012004,1282,222,1060
371470013011,428,197,231
371470013012,720,61,659
371470013013,552,0,552
371470013021,861,105,756
371470013022,728,114,614
371470013023,817,41,776
371470013041,565,0,565
371470013042,999,0,999
371470013051,552,46,506
371470013052,765,48,717
371470013053,484,30,454
371470014021,404,71,333
371470014022,298,79,219
371470014023,375,28,347
371470014031,482,47,435
371470014032,385,75,310
371470014033,350,123,227
371470014041,290,119,171
371470014042,330,111,219
371470015001,570,94,476
371470015002,368,48,320
371470015003,420,158,262
371470016011,806,73,733
371470016012,879,85,794
371470016021,387,26,361
371470016022,1254,347,907
371470016023,427,59,368
371470017001,572,109,463
371470017002,565,88,477
371470017003,574,17,557
371470018001,524,70,454
371470018002,352,12,340
371470018003,477,151,326
371470018004,315,0,315
371470018005,836,314,522
371470019001,290,86,204
371470019002,366,87,279
371470019003,615,28,587
371470020021,294,106,188
371470020022,396,108,288
371470020023,302,4,298
371470020024,630,54,576
371470020025,458,61,397
371470020031,577,140,437
371470020032,251,11,240
371470020033,750,149,601
371470020041,588,33,555
371499201011,630,16,614
371499201012,775,71,704
371499201031,319,39,280
371499201032,1026,172,854
371499201041,501,10,491
371499201042,971,114,857
371499202011,370,15,355
371499202012,395,44,351
371499202013,392,39,353
371499202021,306,18,288
371499202022,430,14,416
371499203011,560,76,484
371499203031,720,67,653
371499203032,332,62,270
371499203041,592,129,463
371499203042,356,35,321
371499203043,277,18,259
371499203044,300,17,283
371510301001,554,151,403
371510301002,739,138,601
371510301003,537,103,434
371510302011,262,0,262
371510302012,643,261,382
371510302013,731,162,569
371510302021,526,40,486
371510302022,457,7,450
371510302023,954,346,608
371510303011,313,12,301
371510303012,186,12,174
371510303013,804,102,702
371510303014,604,178,426
371510303015,524,44,480
371510303021,403,76,327
371510303022,638,278,360
371510304001,331,55,276
371510304002,579,143,436
371510304003,919,93,826
371510305021,583,75,508
371510305022,174,19,155
371510305023,491,28,463
371510305024,665,0,665
371510305031,670,144,526
371510305032,470,34,436
371510305033,498,19,479
371510305034,545,93,452
371510305041,1085,432,653
371510305042,420,0,420
371510305043,330,17,313
371510305044,445,60,385
371510306001,446,0,446
371510306002,457,28,429
371510306003,813,67,746
371510306004,365,52,313
371510306005,701,154,547
371510307001,699,29,670
371510307002,384,115,269
371510307003,794,130,664
371510307004,701,27,674
371510308031,787,56,731
371510308032,735,31,704
371510308041,875,15,860
371510308042,269,84,185
371510308051,504,90,414
371510308052,650,88,562
371510308053,425,26,399
371510308061,874,80,794
371510308062,260,14,246
371510309001,824,143,681
371510309002,485,19,466
371510309003,487,124,363
371510310011,454,80,374
371510310012,713,240,473
371510310021,531,68,463
371510310022,553,74,479
371510310023,552,79,473
371510311011,407,105,302
371510311012,334,64,270
371510311013,435,78,357
371510311021,502,56,446
371510311022,439,99,340
371510312001,582,129,453
371510312002,311,17,294
371510312003,535,113,422
371510312004,665,117,548
371510313031,1063,51,1012
371510313032,789,92,697
371510313041,726,150,576
371510313042,734,69,665
371510313043,369,59,310
371510313051,684,81,603
371510313052,593,241,352
371510313053,364,37,327
371510313071,546,15,531
371510313072,776,20,756
371510313073,255,15,240
371510313081,739,159,580
371510313082,334,13,321
371510314011,418,125,293
371510314012,511,134,377
371510314013,821,28,793
371510314021,766,115,651
371510314022,466,39,427
371510315011,157,46,111
371510315012,691,78,613
371510315013,186,82,104
371510315014,1119,62,1057
371510315031,1305,112,1193
371510315041,241,0,241
371510315042,1058,74,984
371510315043,852,30,822
371510315051,349,11,338
371510315052,729,98,631
371510315053,271,94,177
371510316011,370,17,353
371510316012,551,128,423
371510316013,765,65,700
371510316021,564,105,459
371539701001,159,26,133
371539701002,788,52,736
371539701003,315,95,220
371539702001,644,46,598
371539702002,508,75,433
371539702003,709,58,651
371539703001,609,62,547
371539703002,199,12,187
371539703003,408,103,305
371539703004,461,34,427
371539703005,221,65,156
371539704001,445,107,338
371539704002,294,18,276
371539704003,403,8,395
371539704004,623,78,545
371539705001,256,22,234
371539705002,291,70,221
371539705003,366,202,164
371539706001,757,284,473
371539706002,262,105,157
371539706003,381,191,190
371539706004,531,141,390
371539707001,393,120,273
371539707002,342,80,262
371539707003,144,56,88
371539707004,424,161,263
371539708001,295,35,260
371539708002,215,57,158
371539708003,339,17,322
371539708004,646,154,492
371539708005,474,127,347
371539709001,342,113,229
371539709002,456,13,443
371539709003,566,141,425
371539709004,396,96,300
371539709005,202,39,163
371539710001,540,38,502
371539710002,732,199,533
371539710003,432,164,268
371539711001,598,85,513
371539711002,299,211,88
371539711003,736,233,503
371559601011,257,79,178
371559601012,521,149,372
371559601013,586,156,430
371559601021,576,22,554
371559601022,324,66,258
371559601023,495,171,324
371559601024,340,18,322
371559602021,786,249,537
371559602022,307,101,206
371559602023,537,271,266
371559602031,414,63,351
371559602032,528,109,419
371559602033,215,26,189
371559602041,302,38,264
371559602042,437,130,307
371559603011,518,185,333
371559603012,571,202,369
371559603013,297,113,184
371559603021,443,171,272
371559603022,442,107,335
371559604021,520,151,369
371559604022,908,233,675
371559604031,611,137,474
371559604032,355,63,292
371559604041,820,79,741
371559604042,542,93,449
371559605011,692,307,385
371559605012,462,96,366
371559605021,154,29,125
371559605022,591,254,337
371559605023,404,166,238
371559605031,679,145,534
371559606011,592,189,403
371559606012,546,149,397
371559606013,373,120,253
371559606021,337,94,243
371559606022,264,112,152
371559607011,598,131,467
371559607012,535,134,401
371559607013,769,57,712
371559607021,184,98,86
371559607022,948,187,761
371559608011,262,93,169
371559608012,246,93,153
371559608013,229,160,69
371559608014,93,75,18
371559608021,468,195,273
371559609001,294,24,270
371559609002,504,100,404
371559610001,271,36,235
371559610002,373,101,272
371559610003,148,44,104
371559611001,247,91,156
371559611002,462,208,254
371559612001,351,134,217
371559612002,556,109,447
371559612003,426,154,272
371559613011,338,64,274
371559613012,840,119,721
371559613013,472,32,440
371559613021,505,25,480
371559613022,666,340,326
371559613023,92,25,67
371559613024,444,105,339
371559613025,305,131,174
371559614001,889,132,757
371559614002,552,70,482
371559615001,594,53,541
371559615002,446,114,332
371559615003,570,105,465
371559615004,356,68,288
371559616011,536,136,400
371559616012,264,73,191
371559616013,784,137,647
371559616021,717,110,607
371559616022,414,83,331
371559616023,237,99,138
371559617001,471,157,314
371559617002,464,114,350
371559617003,646,129,517
371559617004,400,139,261
371559618011,588,261,327
371559618012,362,81,281
371559618013,573,153,420
371559618021,840,207,633
371559618022,461,309,152
371559618023,412,73,339
371559618024,450,133,317
371559619001,387,160,227
371559619002,500,160,340
371559619003,517,120,397
371559619004,225,69,156
371559619005,348,88,260
371559620011,612,219,393
371559620012,237,50,187
371559620013,159,102,57
371559620014,333,128,205
371559620021,371,58,313
371559620022,794,214,580
371570401011,342,37,305
371570401012,680,89,591
371570401013,685,49,636
371570401021,264,10,254
371570401022,472,27,445
371570401023,258,0,258
371570402001,620,68,552
371570402002,493,158,335
371570402003,570,192,378
371570403001,723,136,587
371570403002,609,64,545
371570403003,650,106,544
371570404001,583,207,376
371570404002,731,112,619
371570404003,488,78,410
371570404004,618,64,554
371570405011,771,211,560
371570405012,377,55,322
371570405013,342,46,296
371570405021,463,90,373
371570405022,346,81,265
371570405023,413,118,295
371570406011,590,23,567
371570406012,494,57,437
371570406013,544,76,468
371570406021,682,73,609
371570406022,744,152,592
371570406023,342,30,312
371570407001,647,111,536
371570407002,305,29,276
371570407003,437,44,393
371570407004,499,190,309
371570408001,781,149,632
371570409001,195,0,195
371570409002,474,91,383
371570409003,450,84,366
371570410011,569,125,444
371570410012,486,30,456
371570410013,389,55,334
371570410014,706,180,526
371570410015,260,15,245
371570410021,745,231,514
371570410022,1004,110,894
371570410023,564,53,511
371570411001,225,51,174
371570411002,545,78,467
371570411003,437,54,383
371570411004,255,37,218
371570411005,479,12,467
371570411006,630,132,498
371570412001,474,67,407
371570412002,864,286,578
371570412003,343,81,262
371570412004,430,170,260
371570413001,648,109,539
371570413002,596,45,551
371570413003,929,352,577
371570413004,413,17,396
371570414001,271,8,263
371570414002,571,143,428
371570414003,481,135,346
371570415011,629,32,597
371570415021,1206,466,740
371570415022,858,66,792
371570415023,709,145,564
371570416011,672,102,570
371570416012,700,48,652
371570416021,683,41,642
371570416022,437,66,371
371570416023,642,93,549
371590502011,566,325,241
371590502012,374,73,301
371590502013,682,94,588
371590502021,413,177,236
371590502022,377,30,347
371590502023,1049,136,913
371590503001,342,52,290
371590503002,853,198,655
371590503003,675,180,495
371590504001,555,184,371
371590504002,288,97,191
371590505001,614,35,579
371590505002,172,6,166
371590505003,225,35,190
371590507001,544,86,458
371590507002,203,56,147
371590507003,313,25,288
371590507004,319,115,204
371590508001,196,57,139
371590508002,279,33,246
371590508003,369,125,244
371590508004,183,40,143
371590509011,789,101,688
371590509012,749,95,654
371590509013,380,19,361
371590509031,824,70,754
371590509032,676,61,615
371590509033,869,200,669
371590509041,442,40,402
371590509042,617,90,527
371590509043,276,59,217
371590510011,1083,296,787
371590510012,692,119,573
371590510013,541,21,520
371590510014,579,91,488
371590510021,632,73,559
371590510022,586,38,548
371590510023,646,4,642
371590510024,503,45,458
371590511011,1184,0,1184
371590511012,358,11,347
371590511013,850,126,724
371590511014,630,42,588
371590511021,361,50,311
371590511022,745,104,641
371590512011,294,24,270
371590512012,589,7,582
371590512013,188,0,188
371590512014,773,154,619
371590512021,525,130,395
371590512022,738,79,659
371590512041,712,99,613
371590512042,521,27,494
371590512043,272,75,197
371590513011,483,86,397
371590513012,307,17,290
371590513021,579,11,568
371590513022,742,97,645
371590513023,563,81,482
371590513031,356,41,315
371590513032,479,6,473
371590513033,326,12,314
371590513034,1087,384,703
371590513035,241,32,209
371590514001,870,62,808
371590514002,684,131,553
371590514003,692,169,523
371590514004,666,17,649
371590515011,921,262,659
371590515012,364,44,320
371590515013,269,38,231
371590515021,752,97,655
371590515022,630,199,431
371590516001,867,162,705
371590516002,215,27,188
371590516003,204,0,204
371590516004,436,120,316
371590516005,606,55,551
371590517001,572,35,537
371590517002,484,9,475
371590517003,761,51,710
371590517004,718,263,455
371590517005,779,190,589
371590518011,800,110,690
371590518012,279,39,240
371590518013,580,154,426
371590518021,851,36,815
371590518022,695,22,673
371590519011,766,83,683
371590519012,972,108,864
371590519031,825,26,799
371590519032,436,9,427
371590519041,609,217,392
371590519042,587,81,506
371590520001,281,120,161
371590520002,588,182,406
371619601011,561,17,544
371619601021,727,33,694
371619601022,468,170,298
371619601031,397,25,372
371619601032,608,51,557
371619602011,828,0,828
371619602012,560,36,524
371619602013,448,231,217
371619602021,265,30,235
371619602022,264,53,211
371619602031,496,40,456
371619603011,335,35,300
371619603012,301,67,234
371619603021,284,33,251
371619603022,420,30,390
371619604001,210,8,202
371619604002,454,11,443
371619604003,403,110,293
371619604004,382,46,336
371619605011,1033,226,807
371619605012,389,104,285
371619605021,652,151,501
371619605022,232,116,116
371619605023,422,111,311
371619605031,416,73,343
371619605032,347,17,330
371619606001,714,194,520
371619606002,680,30,650
371619606003,374,73,301
371619607001,291,53,238
371619607002,281,50,231
371619607003,474,116,358
371619607004,711,21,690
371619608001,429,94,335
371619608002,367,192,175
371619608003,157,48,109
371619608004,500,320,180
371619608005,300,48,252
371619609001,629,123,506
371619609002,425,164,261
371619609003,525,93,432
371619609004,596,139,457
371619610011,649,75,574
371619610012,538,103,435
371619610013,280,100,180
371619610021,250,42,208
371619610022,367,95,272
371619610023,603,102,501
371619611021,934,48,886
371619611022,342,84,258
371619611031,651,193,458
371619611032,433,84,349
371619611041,885,110,775
371619611042,429,16,413
371619612001,644,162,482
371619612002,507,50,457
371619612003,658,120,538
371639701011,793,102,691
371639701021,432,139,293
371639701022,190,70,120
371639701023,515,210,305
371639701024,376,114,262
371639702011,633,86,547
371639702021,663,40,623
371639702022,469,75,394
371639702023,377,92,285
371639702024,451,112,339
371639703021,426,53,373
371639703022,681,50,631
371639703023,316,11,305
371639703024,361,11,350
371639703031,944,245,699
371639703032,311,60,251
371639703041,652,36,616
371639703042,540,69,471
371639704011,246,40,206
371639704012,476,40,436
371639704021,558,16,542
371639704022,367,97,270
371639704023,196,25,171
371639705011,342,45,297
371639705021,752,289,463
371639705022,460,67,393
371639705023,450,60,390
371639706001,499,98,401
371639706002,572,119,453
371639706003,337,158,179
371639706004,231,68,163
371639707011,456,49,407
371639707012,334,41,293
371639707021,288,12,276
371639707022,440,81,359
371639707023,320,128,192
371639707024,772,171,601
371639708011,467,87,380
371639708012,362,51,311
371639708021,576,129,447
371639708022,309,11,298
371639708023,724,144,580
371639709001,462,105,357
371639709002,572,160,412
371639709003,425,165,260
371639710011,197,13,184
371639710012,830,126,704
371639710021,539,72,467
371639710031,473,136,337
371650101011,450,90,360
371650101012,913,97,816
371650101021,830,191,639
371650101022,578,278,300
371650101023,215,28,187
371650101024,602,203,399
371650102001,397,169,228
371650102002,337,107,230
371650102003,221,30,191
371650102004,387,159,228
371650103001,386,6,380
371650103002,261,100,161
371650103003,448,214,234
371650103004,252,100,152
371650103005,250,133,117
371650104001,223,48,175
371650104002,930,243,687
371650105011,608,136,472
371650105012,560,127,433
371650105021,447,107,340
371650105022,364,63,301
371650105023,696,171,525
371650106011,253,51,202
371650106012,524,94,430
371650106013,511,75,436
371650106021,569,105,464
371650106022,739,157,582
371679301011,432,29,403
371679301012,437,15,422
371679301013,818,27,791
371679301021,469,31,438
371679301022,342,109,233
371679301023,623,73,550
371679302001,418,97,321
371679302002,742,63,679
371679302003,260,11,249
371679303001,713,49,664
371679303002,350,50,300
371679303003,399,13,386
371679305001,282,67,215
371679305002,784,51,733
371679305003,326,167,159
371679307001,525,72,453
371679307002,787,58,729
371679307003,711,47,664
371679308011,894,53,841
371679308012,641,25,616
371679308013,468,44,424
371679308021,852,117,735
371679308022,796,94,702
371679309011,333,6,327
371679309012,780,46,734
371679309021,616,87,529
371679309022,564,40,524
371679309023,272,2,270
371679310011,332,0,332
371679310012,498,0,498
371679310021,295,58,237
371679310022,311,0,311
371679310023,697,42,655
371679311011,490,80,410
371679311012,380,81,299
371679311021,747,106,641
371679311022,140,5,135
371679311023,415,39,376
371679312021,704,108,596
371679312022,289,44,245
371679312023,183,16,167
371679312031,258,127,131
371679312032,220,14,206
371679312033,684,285,399
371679312041,590,119,471
371679312042,514,203,311
371679312043,468,20,448
371690701011,610,12,598
371690701012,432,52,380
371690701013,285,15,270
371690701021,708,118,590
371690701022,624,100,524
371690702001,434,66,368
371690702002,467,125,342
371690702003,581,40,541
371690703011,714,93,621
371690703012,557,85,472
371690703021,223,94,129
371690703022,523,103,420
371690704001,673,132,541
371690704002,401,58,343
371690704003,406,27,379
371690704004,718,18,700
371690705031,859,59,800
371690705032,638,0,638
371690705033,771,156,615
371690705041,970,148,822
371690705042,602,72,530
371690705051,854,169,685
371690705052,762,30,732
371690705061,728,9,719
371690705062,682,160,522
371690706001,917,140,777
371690706002,459,43,416
371690706003,749,130,619
371690707011,648,142,506
371690707012,653,126,527
371690707021,571,109,462
371690707022,389,72,317
371719301011,615,123,492
371719301012,257,76,181
371719301021,440,54,386
371719301022,691,124,567
371719301023,575,75,500
371719302011,359,126,233
371719302012,477,104,373
371719302013,462,99,363
371719302021,532,62,470
371719302022,498,136,362
371719302023,339,44,295
371719303011,415,23,392
371719303012,433,46,387
371719303021,604,254,350
371719303022,696,139,557
371719303023,293,28,265
371719304001,654,152,502
371719304002,540,251,289
371719305011,757,137,620
371719305012,488,196,292
371719305021,260,22,238
371719305022,345,99,246
371719305023,255,100,155
371719305024,380,53,327
371719306001,589,175,414
371719306002,421,45,376
371719306003,274,19,255
371719307001,365,31,334
371719307002,300,77,223
371719307003,584,75,509
371719307004,381,65,316
371719308021,334,59,275
371719308022,314,27,287
371719308023,471,117,354
371719308031,241,0,241
371719308032,369,120,249
371719308033,410,0,410
371719308041,757,227,530
371719308042,360,87,273
371719309011,246,40,206
371719309012,364,119,245
371719309013,340,54,286
371719309014,553,117,436
371719309021,725,99,626
371719310011,582,43,539
371719310012,385,22,363
371719310021,449,103,346
371719310022,616,34,582
371719310023,379,15,364
371719310024,393,38,355
371719310031,532,6,526
371719310032,597,94,503
371719311011,668,85,583
371719311012,474,34,440
371719311021,320,57,263
371719311022,475,240,235
371719311023,432,17,415
371719311024,376,53,323
371719311031,227,38,189
371719311032,643,68,575
371719312001,703,108,595
371719312002,448,97,351
371719312003,539,16,523
371739401001,854,87,767
371739401002,929,156,773
371739602001,341,98,243
371739602002,403,55,348
371739602003,487,119,368
371739603011,706,75,631
371739603012,259,44,215
371739603013,550,101,449
371739603021,642,109,533
371739603022,570,106,464
371739802001,0,0,0
371759601001,518,78,440
371759601002,402,99,303
371759601003,516,56,460
371759601004,345,64,281
371759602011,1075,259,816
371759602021,477,61,416
371759602022,687,24,663
371759603011,325,55,270
371759603012,726,93,633
371759603013,483,56,427
371759603021,592,126,466
371759603022,241,0,241
371759603023,348,148,200
371759603024,524,35,489
371759604011,1207,302,905
371759604012,532,32,500
371759604013,436,19,417
371759604031,187,13,174
371759604032,412,79,333
371759604033,779,19,760
371759604041,725,98,627
371759605011,200,0,200
371759605012,299,30,269
371759605013,185,23,162
371759605014,384,11,373
371759605021,152,71,81
371759605022,713,111,602
371759605023,150,18,132
371759606011,276,39,237
371759606012,261,31,230
371759606021,210,11,199
371759606022,281,45,236
371779601000,0,0,0
371779601001,480,82,398
371779601002,348,154,194
371779601003,403,51,352
371779601004,421,37,384
371790201001,756,0,756
371790201002,731,66,665
371790201003,1028,91,937
371790202031,356,33,323
371790202032,865,6,859
371790202033,254,9,245
371790202041,475,39,436
371790202042,591,29,562
371790202043,456,48,408
371790202051,796,0,796
371790202052,453,115,338
371790202061,781,45,736
371790202062,919,26,893
371790203051,779,134,645
371790203052,1755,53,1702
371790203071,923,46,877
371790203072,1043,38,1005
371790203073,426,0,426
371790203081,513,25,488
371790203082,754,42,712
371790203083,804,23,781
371790203084,229,9,220
371790203091,305,37,268
371790203092,497,5,492
371790203101,534,12,522
371790203102,523,10,513
371790203103,458,9,449
371790203104,414,0,414
371790203121,844,78,766
371790203122,907,43,864
371790203131,787,89,698
371790203141,647,17,630
371790203142,839,21,818
371790203143,398,7,391
371790203151,811,34,777
371790203152,362,10,352
371790203153,400,15,385
371790203161,769,1,768
371790203162,986,66,920
371790203171,461,20,441
371790203172,663,46,617
371790203173,971,28,943
371790203181,1004,59,945
371790203182,542,40,502
371790203191,490,51,439
371790203192,526,0,526
371790203201,638,35,603
371790203202,291,48,243
371790203211,366,85,281
371790203212,276,73,203
371790203213,848,59,789
371790204011,773,129,644
371790204012,453,0,453
371790204013,807,12,795
371790204031,434,35,399
371790204032,664,25,639
371790204033,429,113,316
371790204051,716,139,577
371790204061,92,14,78
371790204062,645,171,474
371790204063,361,35,326
371790204064,91,30,61
371790205011,252,80,172
371790205012,447,41,406
371790205013,716,31,685
371790205014,500,17,483
371790205021,603,103,500
371790205022,958,104,854
371790206011,630,82,548
371790206012,339,45,294
371790206013,552,49,503
371790206014,435,77,358
371790206021,687,208,479
371790206022,501,25,476
371790206023,441,51,390
371790207011,677,235,442
371790207012,54,40,14
371790207013,880,160,720
371790207021,625,87,538
371790207022,763,75,688
371790208001,266,0,266
371790208002,405,21,384
371790208003,390,123,267
371790208004,683,76,607
371790208005,466,21,445
371790209011,756,23,733
371790209012,620,91,529
371790209013,649,33,616
371790209021,974,178,796
371790209022,541,110,431
371790209023,298,0,298
371790209024,552,33,519
371790210041,557,31,526
371790210042,827,41,786
371790210043,835,24,811
371790210051,729,91,638
371790210052,588,31,557
371790210053,494,80,414
371790210061,550,26,524
371790210062,487,7,480
371790210063,795,6,789
371790210071,679,12,667
371790210072,704,34,670
371790210073,631,22,609
371790210091,161,0,161
371790210092,302,0,302
371790210093,648,14,634
371790210121,522,16,506
371790210122,578,23,555
371790210123,400,0,400
371790210131,885,28,857
371790210132,439,25,414
371790210133,626,6,620
371790210141,606,64,542
371790210142,260,12,248
371790210151,888,75,813
371790210152,816,56,760
371790210161,818,0,818
371790210162,589,12,577
371790210171,881,12,869
371790210172,763,18,745
371790210181,350,0,350
371790210182,808,43,765
371790210191,631,0,631
371790210192,403,10,393
371790210193,251,0,251
371790210201,116,0,116
371790210202,169,0,169
371790210203,595,0,595
371790210204,477,0,477
371790210211,248,13,235
371790210212,316,46,270
371819601001,531,44,487
371819601002,619,61,558
371819601003,650,132,518
371819602001,448,167,281
371819602002,476,66,410
371819602003,851,124,727
371819603001,727,66,661
371819603002,452,123,329
371819603003,629,85,544
371819604001,668,144,524
371819604002,442,45,397
371819604003,576,19,557
371819605001,715,151,564
371819605002,766,256,510
371819605003,129,0,129
371819605004,321,35,286
371819605005,84,60,24
371819606001,481,175,306
371819607001,136,69,67
371819607002,607,297,310
371819607003,250,25,225
371819607004,266,78,188
371819607005,157,54,103
371819608001,339,139,200
371819608002,300,102,198
371819608003,188,61,127
371819609011,573,55,518
371819609012,548,13,535
371819609021,721,49,672
371819609031,625,221,404
371819609032,514,93,421
371819610001,747,200,547
371819610002,784,135,649
371819610003,289,41,248
371819610004,286,56,230
371830501001,531,30,501
371830501002,1142,72,1070
371830501003,653,6,647
371830503001,1027,133,894
371830503002,593,113,480
371830503003,668,73,595
371830504001,559,17,542
371830504002,319,44,275
371830505001,716,26,690
371830505002,947,65,882
371830505003,375,31,344
371830506001,130,19,111
371830506002,393,169,224
371830506003,522,55,467
371830507001,555,104,451
371830507002,321,29,292
371830507003,559,30,529
371830508001,397,122,275
371830508002,307,123,184
371830508003,125,32,93
371830509001,272,18,254
371830509002,431,49,382
371830509003,212,64,148
371830510001,1038,107,931
371830510002,547,61,486
371830511011,0,0,0
371830511012,537,159,378
371830511021,0,0,0
371830511022,0,0,0
371830511023,69,27,42
371830512001,1085,134,951
371830512002,707,119,588
371830512003,746,181,565
371830514001,358,30,328
371830514002,364,66,298
371830514003,404,0,404
371830514004,335,169,166
371830514005,458,21,437
371830515011,758,22,736
371830515012,783,0,783
371830515021,314,0,314
371830515022,575,9,566
371830516001,392,15,377
371830516002,553,0,553
371830516003,268,0,268
371830516004,710,25,685
371830516005,250,13,237
371830517001,303,0,303
371830517002,476,0,476
371830517003,572,11,561
371830518001,790,68,722
371830518002,610,0,610
371830518003,811,73,738
371830519001,641,56,585
371830519002,747,126,621
371830519003,494,146,348
371830520011,986,230,756
371830520012,544,176,368
371830520021,929,203,726
371830520022,975,81,894
371830521011,1753,198,1555
371830521012,581,100,481
371830521013,573,250,323
371830521014,283,34,249
371830521021,560,67,493
371830521022,591,115,476
371830521023,859,115,744
371830523031,487,85,402
371830523032,878,406,472
371830523041,817,175,642
371830523042,305,147,158
371830523051,439,141,298
371830523052,428,62,366
371830523061,384,111,273
371830523071,508,152,356
371830523072,625,147,478
371830523073,609,111,498
371830523074,296,98,198
371830523075,448,61,387
371830524011,2586,164,2422
371830524012,0,0,0
371830524041,814,96,718
371830524042,441,176,265
371830524043,239,9,230
371830524071,872,32,840
371830524072,499,52,447
371830524073,722,147,575
371830524081,417,104,313
371830524082,769,293,476
371830524091,293,74,219
371830524092,326,141,185
371830524093,600,216,384
371830524101,598,47,551
371830524111,860,163,697
371830524112,1857,92,1765
371830525041,859,91,768
371830525042,741,0,741
371830525043,1985,184,1801
371830525051,1342,100,1242
371830525052,863,50,813
371830525061,561,40,521
371830525062,679,15,664
371830525071,453,41,412
371830525072,848,81,767
371830525081,930,124,806
371830525082,740,11,729
371830525091,581,71,510
371830525092,841,69,772
371830525093,288,55,233
371830526011,884,7,877
371830526012,385,0,385
371830526021,722,21,701
371830526022,905,12,893
371830526023,558,82,476
371830526031,1065,17,1048
371830526032,465,16,449
371830527011,1158,58,1100
371830527012,719,56,663
371830527013,1203,80,1123
371830527041,873,334,539
371830527042,758,58,700
371830527043,712,81,631
371830527051,701,147,554
371830527052,229,7,222
371830527053,1239,128,1111
371830527061,658,19,639
371830527062,930,55,875
371830527071,454,31,423
371830527072,728,67,661
371830527073,795,48,747
371830527074,553,73,480
371830528011,373,0,373
371830528012,505,0,505
371830528013,958,0,958
371830528014,188,0,188
371830528015,276,36,240
371830528021,801,32,769
371830528022,540,77,463
371830528023,485,47,438
371830528024,527,72,455
371830528071,623,0,623
371830528072,667,71,596
371830528073,1263,41,1222
371830528091,344,22,322
371830528092,532,55,477
371830528101,382,25,357
371830528102,762,122,640
371830528103,824,148,676
371830528104,661,123,538
371830528111,226,12,214
371830528112,436,0,436
371830528113,1306,442,864
371830528114,1123,54,1069
371830528121,775,64,711
371830528122,687,46,641
371830528131,254,34,220
371830528132,1329,96,1233
371830528141,340,63,277
371830528142,472,91,381
371830528143,539,53,486
371830528151,1334,163,1171
371830528152,629,145,484
371830528161,954,181,773
371830528162,1225,31,1194
371830529011,475,4,471
371830529012,336,0,336
371830529021,831,43,788
371830529022,694,14,680
371830529023,931,0,931
371830529031,312,0,312
371830529032,877,27,850
371830529051,752,0,752
371830529052,559,25,534
371830529061,679,21,658
371830529062,681,95,586
371830529063,322,50,272
371830530031,413,0,413
371830530032,320,30,290
371830530033,684,35,649
371830530034,688,21,667
371830530035,505,114,391
371830530041,596,36,560
371830530042,624,23,601
371830530051,291,18,273
371830530052,197,0,197
371830530053,512,8,504
371830530054,718,46,672
371830530061,541,0,541
371830530062,374,13,361
371830530063,342,22,320
371830530071,536,13,523
371830530072,207,16,191
371830530073,391,16,375
371830530091,713,179,534
371830530092,440,17,423
371830530093,448,0,448
371830530094,666,0,666
371830530095,915,31,884
371830530101,814,61,753
371830530102,463,62,401
371830530103,476,0,476
371830530111,452,0,452
371830530112,445,10,435
371830530113,522,0,522
371830530114,592,43,549
371830531051,655,17,638
371830531052,819,12,807
371830531061,806,207,599
371830531062,565,0,565
371830531091,625,135,490
371830531092,1820,99,1721
371830531093,863,27,836
371830531101,817,19,798
371830531102,487,61,426
371830531103,730,59,671
371830531111,625,36,589
371830531112,883,85,798
371830531113,563,71,492
371830531121,806,141,665
371830531122,518,6,512
371830531123,837,0,837
371830531131,293,21,272
371830531132,481,92,389
371830531133,171,15,156
371830531134,537,72,465
371830531141,278,0,278
371830531142,348,0,348
371830531143,705,20,685
371830531144,293,31,262
371830531145,405,81,324
371830531151,229,19,210
371830531152,307,18,289
371830531153,233,16,217
371830532021,1006,10,996
371830532022,635,32,603
371830532031,1677,44,1633
371830532032,1120,0,1120
371830532041,1091,140,951
371830532042,820,47,773
371830532051,844,67,777
371830532052,744,31,713
371830532061,638,38,600
371830532062,534,3,531
371830532063,454,0,454
371830532081,1623,62,1561
371830532082,1534,29,1505
371830532091,285,0,285
371830532092,415,107,308
371830532101,1654,42,1612
371830532111,1436,11,1425
371830532112,778,17,761
371830534051,322,8,314
371830534052,947,43,904
371830534053,589,67,522
371830534081,775,27,748
371830534082,448,0,448
371830534091,492,0,492
371830534092,984,0,984
371830534093,731,14,717
371830534101,1166,71,1095
371830534102,750,82,668
371830534111,2312,110,2202
371830534112,695,70,625
371830534113,706,0,706
371830534151,324,1,323
371830534152,351,11,340
371830534153,731,83,648
371830534171,955,149,806
371830534172,872,5,867
371830534191,328,4,324
371830534192,825,20,805
371830534211,951,15,936
371830534212,889,31,858
371830534221,749,18,731
371830534231,578,16,562
371830534232,350,10,340
371830534241,577,33,544
371830534242,947,17,930
371830534251,597,5,592
371830534252,465,14,451
371830534261,698,14,684
371830534262,1327,957,370
371830534271,553,9,544
371830534272,903,52,851
371830534281,500,30,470
371830534282,297,0,297
371830534283,2268,40,2228
371830534291,243,10,233
371830534292,830,61,769
371830534301,617,29,588
371830534302,354,0,354
371830534303,644,0,644
371830534311,1079,59,1020
371830534312,591,43,548
371830534321,786,41,745
371830534331,977,0,977
371830534332,1059,76,983
371830534341,249,0,249
371830534342,283,13,270
371830534343,1052,71,981
371830534351,1703,0,1703
371830534361,575,60,515
371830534362,559,20,539
371830535051,485,44,441
371830535052,379,10,369
371830535053,441,49,392
371830535061,372,45,327
371830535062,418,27,391
371830535063,739,35,704
371830535064,869,15,854
371830535071,290,9,281
371830535072,806,150,656
371830535073,607,22,585
371830535091,564,0,564
371830535092,755,0,755
371830535093,688,12,676
371830535121,1459,36,1423
371830535122,1251,49,1202
371830535123,775,67,708
371830535131,892,54,838
371830535132,769,57,712
371830535161,978,0,978
371830535162,428,22,406
371830535171,719,149,570
371830535172,220,33,187
371830535173,530,34,496
371830535174,145,0,145
371830535181,708,34,674
371830535182,679,34,645
371830535183,384,9,375
371830535191,650,80,570
371830535192,1135,128,1007
371830535201,526,0,526
371830535202,1641,12,1629
371830535203,629,74,555
371830535211,907,7,900
371830535212,591,58,533
371830535221,1047,83,964
371830535222,724,11,713
371830535223,1339,79,1260
371830535231,928,154,774
371830535232,1280,44,1236
371830535241,824,60,764
371830535242,884,30,854
371830535251,386,0,386
371830535252,917,13,904
371830536031,786,29,757
371830536032,796,20,776
371830536041,612,4,608
371830536042,994,14,980
371830536081,1620,65,1555
371830536082,1086,0,1086
371830536091,504,45,459
371830536111,570,32,538
371830536112,652,0,652
371830536113,594,0,594
371830536114,634,31,603
371830536121,160,36,124
371830536122,739,13,726
371830536131,1164,34,1130
371830536132,859,80,779
371830536133,516,0,516
371830536141,330,0,330
371830536142,761,38,723
371830536151,922,27,895
371830536152,1324,17,1307
371830536161,799,21,778
371830536162,261,33,228
371830536163,1050,71,979
371830536171,677,29,648
371830536172,1489,198,1291
371830536173,815,25,790
371830536181,1307,47,1260
371830536182,495,0,495
371830536191,255,41,214
371830536201,741,37,704
371830536202,714,0,714
371830536203,510,32,478
371830536204,443,31,412
371830537111,554,0,554
371830537112,580,0,580
371830537113,723,0,723
371830537121,553,9,544
371830537122,610,57,553
371830537131,908,59,849
371830537132,913,0,913
371830537141,684,56,628
371830537142,1093,35,1058
371830537143,398,10,388
371830537151,811,87,724
371830537152,691,10,681
371830537161,539,17,522
371830537162,492,0,492
371830537163,981,0,981
371830537171,592,13,579
371830537172,1712,104,1608
371830537181,558,20,538
371830537182,566,22,544
371830537191,301,19,282
371830537192,431,8,423
371830537193,327,5,322
371830537194,319,0,319
371830537201,442,8,434
371830537202,344,34,310
371830537203,653,9,644
371830537211,256,0,256
371830537212,578,27,551
371830537213,486,0,486
371830537221,624,26,598
371830537222,943,103,840
371830537223,431,0,431
371830537224,469,14,455
371830537231,899,12,887
371830537232,792,14,778
371830537241,961,84,877
371830537242,643,0,643
371830537243,621,62,559
371830537251,967,67,900
371830537252,593,23,570
371830537253,577,73,504
371830537261,679,14,665
371830537262,657,73,584
371830537271,739,14,725
371830537272,367,19,348
371830537273,1170,58,1112
371830537281,667,30,637
371830537282,879,36,843
371830537291,1039,24,1015
371830537292,760,103,657
371830537301,456,15,441
371830537302,911,44,867
371830538031,829,27,802
371830538032,415,0,415
371830538041,793,18,775
371830538042,359,0,359
371830538051,393,11,382
371830538052,339,2,337
371830538061,706,7,699
371830538062,351,22,329
371830538071,786,0,786
371830538072,918,7,911
371830538081,369,27,342
371830538082,547,0,547
371830538083,734,23,711
371830538084,237,0,237
371830539011,327,72,255
371830539012,303,0,303
371830539013,634,0,634
371830539021,314,55,259
371830539022,839,18,821
371830539023,1051,32,1019
371830540011,943,60,883
371830540012,755,40,715
371830540013,1071,42,1029
371830540041,840,46,794
371830540042,612,80,532
371830540043,612,17,595
371830540044,383,82,301
371830540061,867,66,801
371830540062,473,19,454
371830540071,1132,80,1052
371830540072,1006,93,913
371830540081,611,90,521
371830540082,1169,296,873
371830540083,535,3,532
371830540084,523,45,478
371830540111,533,0,533
371830540112,585,16,569
371830540121,840,36,804
371830540122,434,0,434
371830540123,282,0,282
371830540151,1661,293,1368
371830540161,649,57,592
371830540162,950,19,931
371830540163,1196,47,1149
371830540171,1134,115,1019
371830540181,663,70,593
371830540182,1067,121,946
371830540191,601,0,601
371830540192,1132,0,1132
371830540201,683,60,623
371830540202,1301,48,1253
371830540211,437,20,417
371830540212,412,22,390
371830540221,285,23,262
371830540222,751,256,495
371830540223,619,0,619
371830540231,841,0,841
371830540232,1235,80,1155
371830540233,787,21,766
371830541061,631,36,595
371830541062,675,0,675
371830541063,906,33,873
371830541064,633,88,545
371830541081,736,15,721
371830541082,973,91,882
371830541083,849,42,807
371830541091,685,24,661
371830541092,651,46,605
371830541111,620,45,575
371830541112,211,4,207
371830541121,407,39,368
371830541122,891,86,805
371830541131,724,67,657
371830541132,1049,81,968
371830541141,1100,47,1053
371830541142,651,30,621
371830541143,727,215,512
371830541151,1319,61,1258
371830541152,551,107,444
371830541153,1567,73,1494
371830541161,1162,12,1150
371830541162,359,33,326
371830541163,832,62,770
371830541171,569,66,503
371830541172,588,56,532
371830541173,668,112,556
371830541181,873,121,752
371830541182,702,0,702
371830541191,1696,58,1638
371830541192,1771,93,1678
371830541193,235,0,235
371830541201,655,45,610
371830541211,1687,41,1646
371830541212,1192,54,1138
371830542031,673,18,655
371830542032,825,0,825
371830542041,976,0,976
371830542042,860,51,809
371830542061,177,0,177
371830542062,1718,30,1688
371830542063,670,15,655
371830542121,630,0,630
371830542122,952,182,770
371830542123,1372,88,1284
371830542131,476,0,476
371830542132,510,0,510
371830542133,381,0,381
371830542141,303,0,303
371830542142,416,18,398
371830542151,456,35,421
371830542152,1024,0,1024
371830542161,368,107,261
371830542162,645,0,645
371830542163,725,6,719
371830542171,839,0,839
371830542172,177,19,158
371830542173,597,0,597
371830542181,1480,29,1451
371830542182,662,64,598
371830542183,409,0,409
371830542184,639,74,565
371830542191,700,0,700
371830542192,821,51,770
371830542201,840,25,815
371830542202,383,0,383
371830542203,1116,393,723
371830542211,1028,0,1028
371830542212,422,0,422
371830542213,518,0,518
371830542221,856,86,770
371830542222,609,0,609
371830542223,907,8,899
371830542224,122,0,122
371830542231,459,48,411
371830542232,672,59,613
371830542241,492,30,462
371830542242,515,31,484
371830542243,578,74,504
371830543031,767,15,752
371830543032,374,108,266
371830543041,866,69,797
371830543042,537,26,511
371830543051,680,155,525
371830543052,763,47,716
371830543061,426,40,386
371830543062,581,75,506
371830543063,287,41,246
371830544021,374,0,374
371830544022,768,145,623
371830544023,1303,161,1142
371830544031,269,18,251
371830544032,382,10,372
371830544033,546,25,521
371830544041,1453,187,1266
371830544042,372,9,363
371830544043,760,85,675
371830545011,580,34,546
371830545012,739,215,524
371830545013,367,66,301
371830545014,954,187,767
371830545021,336,34,302
371830545022,203,2,201
371830545023,434,53,381
371830545024,339,34,305
371839801001,0,0,0
371839802001,0,0,0
371859501011,438,56,382
371859501012,636,24,612
371859501021,664,127,537
371859501031,229,56,173
371859501032,708,154,554
371859502011,511,96,415
371859502012,494,58,436
371859502013,824,299,525
371859502021,410,85,325
371859502022,286,65,221
371859503001,595,82,513
371859503002,379,104,275
371859503003,495,88,407
371859504001,721,161,560
371859504002,732,201,531
371879501000,0,0,0
371879501001,234,59,175
371879501002,326,51,275
371879501003,379,44,335
371879501004,389,128,261
371879501005,355,102,253
371879501006,391,145,246
371879502011,474,268,206
371879502012,251,0,251
371879502013,412,216,196
371879502021,587,241,346
371879502022,274,54,220
371879502023,472,45,427
371879503001,314,19,295
371879503002,379,106,273
371899201001,763,164,599
371899201002,654,65,589
371899201003,509,46,463
371899202001,622,139,483
371899202002,653,110,543
371899202003,401,70,331
371899203001,496,30,466
371899203002,623,137,486
371899204001,1290,638,652
371899204002,657,216,441
371899204003,964,545,419
371899204004,528,10,518
371899205001,229,187,42
371899205002,831,259,572
371899206011,587,87,500
371899206012,1036,526,510
371899206013,1011,634,377
371899206021,1041,317,724
371899207011,984,156,828
371899207021,608,71,537
371899207022,711,54,657
371899207031,933,0,933
371899207032,442,116,326
371899207033,1200,130,1070
371899208001,630,38,592
371899208002,699,27,672
371899209001,463,69,394
371899209002,523,59,464
371899209003,475,78,397
371899209004,337,93,244
371899209005,182,46,136
371899210001,371,28,343
371910001021,508,90,418
371910001022,705,25,680
371910001023,418,25,393
371910001024,729,101,628
371910001031,241,33,208
371910001032,776,198,578
371910001041,685,32,653
371910001042,757,0,757
371910001043,542,13,529
371910002001,379,17,362
371910002002,256,68,188
371910002003,762,134,628
371910003021,680,39,641
371910003022,844,188,656
371910003023,740,90,650
371910003031,901,61,840
371910003032,692,81,611
371910003033,817,45,772
371910003041,1175,341,834
371910003042,756,47,709
371910003043,411,30,381
371910004011,237,18,219
371910004012,217,0,217
371910004013,685,75,610
371910004014,1181,24,1157
371910004021,439,63,376
371910004022,693,159,534
371910004023,553,145,408
371910005001,125,8,117
371910005002,220,16,204
371910005003,467,60,407
371910006011,664,271,393
371910006012,311,55,256
371910006013,666,212,454
371910006031,313,23,290
371910006032,458,0,458
371910006033,535,92,443
371910006034,576,118,458
371910006041,298,93,205
371910006042,447,228,219
371910006043,266,50,216
371910007001,488,151,337
371910007002,326,42,284
371910007003,356,68,288
371910008001,512,79,433
371910008002,459,68,391
371910009011,738,185,553
371910009012,513,24,489
371910009013,821,55,766
371910009021,805,141,664
371910009022,337,98,239
371910009023,740,84,656
371910010001,533,40,493
371910010002,529,62,467
371910010003,587,87,500
371910011021,283,8,275
371910011022,334,0,334
371910011023,658,42,616
371910011031,145,0,145
371910011032,668,45,623
371910011033,434,0,434
371910011041,884,218,666
371910011042,524,53,471
371910012001,1520,450,1070
371910012002,289,16,273
371910013011,802,69,733
371910013012,646,0,646
371910013013,1323,86,1237
371910013021,816,78,738
371910013022,1146,199,947
371910014011,423,127,296
371910014012,440,172,268
371910014013,700,12,688
371910014021,482,347,135
371910014022,442,204,238
371910015001,598,195,403
371910015002,530,60,470
371910018001,601,313,288
371910018002,387,125,262
371910019001,837,202,635
371910019002,348,255,93
371910019003,590,164,426
371910020001,479,131,348
371939601011,739,50,689
371939601012,206,43,163
371939601013,327,0,327
371939601021,442,73,369
371939601022,599,115,484
371939601023,436,0,436
371939602001,452,102,350
371939602002,414,134,280
371939602003,566,113,453
371939603001,622,59,563
371939603002,787,51,736
371939603003,455,63,392
371939603004,752,210,542
371939604011,344,71,273
371939604012,744,142,602
371939604013,359,38,321
371939604021,468,49,419
371939604022,576,62,514
371939604023,585,0,585
371939605001,570,101,469
371939605002,455,67,388
371939605003,332,71,261
371939606001,485,123,362
371939606002,279,47,232
371939606003,581,208,373
371939607001,682,186,496
371939607002,527,33,494
371939607003,404,136,268
371939608011,624,172,452
371939608012,328,52,276
371939608013,684,122,562
371939608021,740,140,600
371939608022,373,57,316
371939608023,528,147,381
371939608024,294,9,285
371939609011,530,47,483
371939609012,505,50,455
371939609021,506,69,437
371939609022,767,107,660
371939610011,322,76,246
371939610012,439,36,403
371939610013,761,128,633
371939610014,273,41,232
371939610021,663,70,593
371939610022,411,23,388
371939610023,733,142,591
371939610024,794,109,685
371939611001,561,105,456
371939611002,431,82,349
371939611003,639,32,607
371939612011,524,32,492
371939612012,484,74,410
371939612013,563,65,498
371939612021,472,24,448
371939612022,765,127,638
371950001001,322,55,267
371950001002,329,192,137
371950001003,377,33,344
371950001004,402,175,227
371950002001,374,223,151
371950003001,342,138,204
371950003002,377,167,210
371950004011,423,63,360
371950004012,508,132,376
371950004013,410,15,395
371950004014,522,105,417
371950004021,711,131,580
371950004022,927,283,644
371950005011,804,35,769
371950005012,673,59,614
371950005021,420,0,420
371950005022,513,0,513
371950005023,660,81,579
371950005024,638,21,617
371950006011,562,86,476
371950006012,379,118,261
371950006013,417,39,378
371950006014,343,156,187
371950006021,849,68,781
371950006022,567,110,457
371950007011,146,53,93
371950007012,779,113,666
371950007021,263,189,74
371950007022,214,9,205
371950007023,229,0,229
371950007024,153,42,111
371950008011,104,27,77
371950008012,598,391,207
371950008013,316,210,106
371950008021,626,352,274
371950008022,471,115,356
371950008023,266,93,173
371950009001,341,6,335
371950009002,848,123,725
371950009003,324,68,256
371950010001,678,110,568
371950011001,341,104,237
371950011002,234,17,217
371950012001,692,164,528
371950012002,521,85,436
371950012003,442,126,316
371950013011,403,80,323
371950013012,534,146,388
371950013013,225,48,177
371950013021,445,145,300
371950013022,351,94,257
371950013023,69,0,69
371950014011,185,4,181
371950014012,1132,33,1099
371950014021,2343,214,2129
371950015011,528,15,513
371950015012,638,29,609
371950015021,364,40,324
371950015022,644,13,631
371950016001,414,0,414
371950016002,436,44,392
371950016003,362,46,316
371950017001,428,64,364
371950017002,581,125,456
371950017003,451,47,404
371970501011,904,129,775
371970501012,1032,41,991
371970501013,352,57,295
371970501021,376,90,286
371970501022,343,68,275
371970501023,573,69,504
371970501024,282,8,274
371970502001,715,49,666
371970502002,767,136,631
371970502003,457,62,395
371970503001,340,56,284
371970503002,340,37,303
371970503003,388,91,297
371970503004,506,154,352
371970503005,271,15,256
371970503006,752,59,693
371970504011,177,22,155
371970504012,742,157,585
371970504013,236,73,163
371970504021,377,34,343
371970504022,734,66,668
371970505021,602,36,566
371970505022,677,89,588
371970505023,448,102,346
371970505031,513,32,481
371970505032,902,96,806
371970505041,495,15,480
371970505042,241,0,241
371970505043,705,16,689
371999601011,794,146,648
371999601012,682,65,617
371999601021,826,180,646
371999602001,628,176,452
371999602002,676,104,572
371999602003,583,66,517
371999603001,768,115,653
371999603002,531,74,457
371999604001,535,24,511
371999604002,1443,216,1227
